85 1765
1 4 3490
1 5 1778
1 9 2433
1 13 1409
1 14 2136
1 15 3819
1 20 5330
1 21 6577
1 22 3358
1 23 2540
1 24 39
1 25 8348
1 26 4257
1 30 4123
1 31 5748
1 32 8570
1 33 6533
1 37 6609
1 44 7838
1 47 9523
1 50 2687
1 52 2140
1 56 1872
1 59 4619
1 63 5878
1 64 3190
1 65 3721
1 67 4521
1 69 3763
1 71 8164
1 78 6018
1 79 2014
1 83 8487
2 4 1852
2 6 8632
2 8 5838
2 9 3474
2 11 4784
2 14 4463
2 15 2034
2 17 3477
2 19 2459
2 20 4162
2 21 1563
2 23 3116
2 25 9858
2 27 7493
2 28 8342
2 30 8711
2 31 9003
2 33 9490
2 34 375
2 36 2356
2 37 1094
2 38 5448
2 41 1429
2 42 7844
2 43 6117
2 44 1230
2 51 2264
2 52 6097
2 54 2160
2 55 3393
2 56 7973
2 58 8845
2 60 3131
2 62 7337
2 64 7112
2 66 4631
2 67 8957
2 69 5140
2 70 2319
2 71 7103
2 72 962
2 73 3883
2 79 1359
2 80 979
2 81 4497
3 4 5120
3 5 834
3 7 4826
3 8 782
3 9 7694
3 10 8103
3 12 8017
3 13 4446
3 14 4755
3 15 4599
3 16 4237
3 18 9374
3 19 7144
3 21 6330
3 25 9733
3 28 7444
3 29 3288
3 31 9817
3 32 5684
3 34 749
3 38 2245
3 40 822
3 41 7884
3 43 7067
3 44 9368
3 47 2060
3 48 4338
3 49 8228
3 50 2905
3 51 3647
3 53 6507
3 54 5486
3 55 2350
3 57 1309
3 59 9882
3 61 1596
3 62 3717
3 64 8096
3 65 2628
3 66 5272
3 67 3589
3 72 9043
3 76 1919
3 77 4277
3 78 3759
3 80 9645
3 82 3219
4 6 8872
4 7 969
4 8 7774
4 9 6937
4 10 6706
4 15 6585
4 16 8127
4 18 2063
4 19 1049
4 20 1619
4 21 4354
4 25 1724
4 26 1823
4 27 6791
4 30 6245
4 32 2418
4 36 6488
4 39 683
4 41 5807
4 43 7656
4 47 4212
4 48 5132
4 49 1329
4 52 3239
4 54 3968
4 55 9802
4 59 1529
4 61 543
4 66 4057
4 68 2213
4 72 6378
4 73 5662
4 78 3047
4 84 1064
5 7 3972
5 10 6869
5 12 9998
5 14 2110
5 15 8251
5 17 3737
5 18 497
5 20 695
5 21 2753
5 22 5051
5 26 6596
5 28 7850
5 29 158
5 31 2869
5 32 4625
5 34 6548
5 37 5017
5 41 4892
5 42 4516
5 43 2149
5 44 6716
5 45 4695
5 46 2212
5 49 2576
5 51 6058
5 52 8746
5 54 3315
5 56 5845
5 59 6536
5 61 6792
5 65 8642
5 67 9648
5 69 8858
5 74 285
5 75 9826
5 76 8003
5 77 4017
5 78 976
5 80 8259
5 82 3837
5 83 5392
5 84 525
5 85 3876
6 7 6458
6 8 6842
6 9 7867
6 10 3396
6 13 4882
6 16 351
6 17 7195
6 18 9003
6 19 7041
6 21 1315
6 22 4284
6 24 9393
6 27 1911
6 29 6840
6 41 3590
6 44 5438
6 45 847
6 46 2657
6 48 4777
6 49 6281
6 51 2421
6 53 6536
6 54 6282
6 55 870
6 56 6628
6 60 1257
6 62 1710
6 64 3027
6 65 5500
6 67 6738
6 68 6487
6 70 8729
6 71 7
6 72 4341
6 73 4743
6 74 6021
6 75 2823
6 76 4541
6 77 6071
6 78 9898
6 80 4662
6 81 2474
6 83 4229
6 84 4
7 8 5384
7 10 9820
7 13 6023
7 16 6548
7 18 2904
7 19 4359
7 21 6378
7 29 5704
7 30 8584
7 32 1663
7 33 9409
7 35 4651
7 39 4837
7 40 7123
7 42 4212
7 43 3315
7 44 1967
7 45 8806
7 46 4235
7 48 5456
7 51 3539
7 53 234
7 54 4570
7 56 909
7 58 728
7 59 306
7 65 2781
7 66 8118
7 67 5673
7 68 3005
7 69 2068
7 70 2529
7 71 9803
7 72 9175
7 73 3271
7 80 1310
7 81 8376
7 84 6649
7 85 8898
8 9 6359
8 10 9972
8 11 58
8 12 8039
8 16 534
8 17 9314
8 20 2646
8 24 7185
8 26 3150
8 27 6626
8 33 92
8 34 3993
8 39 599
8 40 6198
8 41 511
8 44 4386
8 48 5592
8 49 5687
8 50 6243
8 53 6889
8 56 2302
8 57 7610
8 59 2119
8 61 999
8 63 3080
8 65 6513
8 66 2085
8 68 8618
8 71 3170
8 75 21
8 76 8239
8 77 9830
8 78 1998
8 79 4310
8 80 7029
8 81 9991
8 82 315
8 83 7322
8 85 2392
9 10 2834
9 13 1191
9 18 5552
9 19 4188
9 21 788
9 22 9489
9 24 5747
9 25 9135
9 26 8872
9 27 4013
9 29 1722
9 30 4613
9 31 653
9 33 3256
9 35 1992
9 36 9604
9 38 916
9 39 4955
9 43 9844
9 46 5235
9 47 9032
9 50 7120
9 56 9112
9 57 1382
9 58 2372
9 60 3534
9 62 7514
9 63 92
9 65 6932
9 66 9925
9 67 4254
9 68 4153
9 69 5298
9 72 3745
9 75 8533
9 77 6928
9 79 2881
10 11 7589
10 12 3713
10 13 3780
10 14 1197
10 15 3614
10 16 8093
10 21 5956
10 23 4980
10 25 7294
10 26 6785
10 27 3897
10 29 541
10 31 440
10 32 3188
10 35 2234
10 37 9825
10 44 3750
10 45 5090
10 47 1655
10 52 9995
10 55 8118
10 56 8467
10 58 6879
10 59 4653
10 64 5629
10 66 9224
10 67 5301
10 70 2171
10 72 2628
10 74 7759
10 75 5568
10 76 5951
10 77 3006
10 78 1064
10 80 6849
10 82 9059
10 85 4723
11 13 8399
11 14 4210
11 15 6818
11 16 7936
11 20 3643
11 21 8731
11 25 4742
11 27 6606
11 28 392
11 29 1787
11 34 8253
11 35 9581
11 36 8313
11 37 8139
11 38 1063
11 39 4146
11 44 527
11 45 2738
11 51 9312
11 53 9036
11 55 4922
11 59 1863
11 62 3079
11 68 3407
11 71 3089
11 74 8124
11 78 8103
11 80 4821
11 81 5858
11 84 3857
11 85 3188
12 15 9708
12 18 8712
12 24 1310
12 25 3626
12 26 4963
12 27 1448
12 29 3847
12 32 1511
12 34 4451
12 35 4572
12 37 9739
12 39 2221
12 40 6725
12 41 8601
12 42 8074
12 43 1139
12 45 1537
12 46 7905
12 47 6076
12 53 9207
12 55 8137
12 56 3519
12 60 3019
12 61 7407
12 64 5768
12 67 7634
12 68 6526
12 71 4959
12 73 7288
12 77 9783
12 78 7388
12 79 9238
12 80 3008
12 81 7520
12 82 8637
13 16 9737
13 17 8931
13 19 7630
13 20 4211
13 22 7716
13 23 7639
13 24 7031
13 26 8130
13 28 152
13 30 7386
13 31 979
13 33 334
13 36 4836
13 38 1005
13 39 5452
13 40 9803
13 41 7727
13 45 2057
13 46 8745
13 48 3328
13 49 4060
13 50 5270
13 52 2092
13 53 4430
13 54 2187
13 55 7458
13 57 905
13 58 6090
13 64 8635
13 66 8509
13 67 8625
13 68 1460
13 75 4090
13 78 8421
13 80 9318
13 81 9526
14 15 1617
14 19 7800
14 20 6751
14 21 7185
14 24 5633
14 27 8661
14 29 8284
14 30 5634
14 34 1072
14 38 3322
14 39 4853
14 40 2327
14 41 1917
14 42 5775
14 43 8195
14 46 7674
14 49 8523
14 50 4912
14 53 9468
14 55 7151
14 56 3209
14 58 9406
14 59 6068
14 62 9990
14 65 9079
14 70 7637
14 72 3621
14 73 8018
14 74 1542
14 75 7914
14 76 1267
14 77 5712
14 78 5718
14 81 3327
14 83 4144
14 84 8735
14 85 6122
15 19 897
15 20 1245
15 21 4204
15 22 2127
15 23 4642
15 24 4173
15 25 4026
15 28 3992
15 29 6464
15 31 1771
15 32 7347
15 33 2991
15 34 8128
15 35 7837
15 36 752
15 37 822
15 40 216
15 41 4138
15 42 3189
15 46 3280
15 48 489
15 52 4995
15 53 3953
15 54 5794
15 57 349
15 58 3818
15 61 7899
15 63 3318
15 64 797
15 68 4780
15 73 533
15 74 743
15 76 5318
15 80 7160
15 82 9421
16 17 5785
16 26 9307
16 27 2374
16 28 8979
16 29 5387
16 31 6406
16 33 5692
16 35 1110
16 36 9886
16 37 1867
16 40 5278
16 41 4231
16 42 4916
16 43 2767
16 45 2891
16 48 8201
16 49 7005
16 50 6255
16 51 5177
16 52 1188
16 54 9911
16 56 9839
16 58 9130
16 60 4836
16 64 2239
16 65 6324
16 69 1853
16 74 8447
16 75 6588
16 76 369
16 81 9384
16 82 8105
16 83 2756
16 84 6730
17 20 8151
17 24 9097
17 25 620
17 30 8017
17 31 4807
17 32 4428
17 33 7744
17 34 8169
17 37 483
17 39 323
17 43 9968
17 46 465
17 47 6822
17 49 8760
17 50 2438
17 51 6438
17 52 1616
17 53 8605
17 54 3388
17 55 435
17 59 1605
17 63 9996
17 64 625
17 65 8248
17 66 6967
17 69 8837
17 73 308
17 75 4985
17 78 4521
17 80 5311
17 81 8974
17 83 2499
17 84 7092
17 85 8804
18 19 1231
18 21 2395
18 22 5764
18 23 995
18 24 5403
18 25 8747
18 27 3559
18 28 1960
18 29 9053
18 31 3373
18 32 1888
18 33 1674
18 37 7582
18 39 9771
18 40 5033
18 41 4907
18 48 4586
18 52 3905
18 56 1310
18 60 5141
18 62 9949
18 64 2808
18 65 3895
18 66 7970
18 69 6360
18 75 4222
18 76 7348
18 78 2157
18 81 2916
18 82 4220
18 83 4685
19 21 5236
19 24 5834
19 26 4307
19 28 8337
19 29 4998
19 31 7013
19 33 5927
19 34 9471
19 40 6127
19 43 5369
19 46 5078
19 47 2746
19 48 1183
19 55 3370
19 59 5732
19 61 1118
19 62 1564
19 65 7452
19 67 9565
19 68 1099
19 71 656
19 73 6562
19 74 6030
19 75 7360
19 76 7709
19 77 4015
19 80 9956
19 81 7673
19 82 587
19 83 5323
19 84 1860
20 22 2786
20 23 4795
20 25 4982
20 28 4106
20 29 482
20 34 4347
20 35 3177
20 37 2350
20 38 1311
20 40 7315
20 42 8566
20 43 4757
20 44 4447
20 49 6533
20 53 5746
20 54 9625
20 58 4139
20 60 1042
20 62 5586
20 63 1684
20 65 6935
20 69 2402
20 70 4458
20 72 5469
20 73 9231
20 75 4309
20 78 1112
20 80 2313
20 81 7895
21 22 5693
21 23 36
21 26 6478
21 29 721
21 30 8185
21 31 9743
21 33 8071
21 35 7026
21 37 6966
21 39 1512
21 40 6720
21 42 9186
21 45 5006
21 46 6160
21 49 2733
21 54 5658
21 55 4756
21 56 4085
21 59 2227
21 60 9426
21 63 9143
21 64 7154
21 65 7769
21 67 8384
21 70 4175
21 71 4528
21 75 1795
21 77 3859
21 79 4541
21 80 184
21 85 4257
22 23 7164
22 26 7999
22 27 3689
22 28 8942
22 29 7960
22 31 9344
22 32 2315
22 33 5122
22 40 7195
22 41 1550
22 42 6420
22 43 9687
22 44 137
22 45 4465
22 49 942
22 50 1926
22 51 8789
22 52 4419
22 53 568
22 56 7983
22 60 8194
22 61 2002
22 63 6579
22 64 8379
22 68 6782
22 69 879
22 70 1393
22 71 7665
22 72 8166
22 75 7398
22 76 898
22 77 6548
22 79 4714
22 81 8086
22 82 3572
22 84 6118
23 25 7896
23 28 7311
23 29 3794
23 30 5110
23 31 1088
23 34 5987
23 36 619
23 37 1038
23 38 9938
23 40 2203
23 44 4808
23 45 3353
23 46 8378
23 50 854
23 58 6883
23 63 8301
23 65 1156
23 67 1044
23 71 4721
23 73 8372
23 74 2582
23 76 5422
23 77 1198
23 81 7700
24 25 8546
24 27 7783
24 29 354
24 30 1727
24 32 1824
24 33 3173
24 34 3993
24 35 8227
24 36 8865
24 37 5305
24 39 732
24 40 2621
24 41 3797
24 45 641
24 46 4649
24 48 92
24 50 1998
24 52 9894
24 53 5978
24 54 6833
24 59 2299
24 61 45
24 62 6438
24 64 2656
24 65 4516
24 66 969
24 67 3222
24 68 6526
24 69 8663
24 74 7199
24 76 2561
24 77 2790
24 81 5005
24 82 8386
24 83 6317
24 84 4101
25 27 9269
25 28 6891
25 34 5983
25 41 469
25 43 9874
25 47 540
25 49 2545
25 50 704
25 51 9764
25 52 9854
25 53 4553
25 55 6069
25 56 2284
25 58 2132
25 59 2544
25 60 9200
25 62 785
25 63 5561
25 64 2060
25 65 8850
25 67 2255
25 68 7747
25 69 7878
25 70 7914
25 74 3528
25 75 6297
25 77 2195
25 80 3207
25 82 505
25 84 5830
26 28 2905
26 30 4661
26 31 1765
26 32 3353
26 35 5100
26 36 7751
26 38 7474
26 39 6196
26 44 3248
26 45 4726
26 47 4891
26 48 494
26 49 2322
26 50 4814
26 52 5233
26 55 1938
26 56 895
26 57 352
26 59 15
26 60 4824
26 61 319
26 63 6418
26 65 5372
26 67 933
26 69 9361
26 70 1249
26 71 8334
26 72 3294
26 75 3839
26 77 355
26 78 7045
26 79 1938
26 80 5864
26 81 2061
26 82 305
26 83 7174
26 84 4028
27 30 4751
27 34 6294
27 36 7991
27 37 620
27 39 2272
27 41 6828
27 42 7711
27 47 5065
27 50 6241
27 52 6175
27 54 6099
27 55 1469
27 56 8092
27 58 813
27 59 5403
27 60 767
27 62 3396
27 65 2641
27 67 5456
27 68 1690
27 69 5881
27 70 7829
27 71 4739
27 75 2540
27 76 779
27 80 1203
28 29 1049
28 30 4211
28 31 3467
28 32 4592
28 33 36
28 34 7562
28 45 3725
28 47 1753
28 50 8747
28 52 3148
28 54 5676
28 55 9926
28 56 388
28 61 4339
28 65 1789
28 67 9082
28 68 521
28 69 2902
28 70 6561
28 73 2149
28 75 2283
28 79 9193
28 80 1543
28 82 3868
28 84 6124
28 85 1827
29 32 3559
29 33 7602
29 37 3884
29 39 9565
29 40 7439
29 43 9474
29 44 5087
29 46 9763
29 50 6208
29 51 6248
29 56 4917
29 57 6548
29 69 9812
29 70 6978
29 71 5992
29 72 3885
29 75 1900
29 77 6937
29 78 9000
29 81 3636
29 83 4026
29 85 6236
30 34 5129
30 37 9496
30 39 2359
30 44 8825
30 46 1653
30 47 6387
30 50 8993
30 51 5212
30 52 1
30 53 2418
30 54 8669
30 61 9484
30 65 9349
30 66 6022
30 69 7954
30 72 9021
30 75 9284
30 76 2376
30 77 695
30 78 1354
30 80 5298
30 83 3167
30 85 4488
31 32 7764
31 33 3699
31 38 5479
31 41 227
31 42 5904
31 45 5691
31 47 7501
31 49 4860
31 51 6589
31 53 3842
31 54 389
31 55 1190
31 56 2522
31 57 3952
31 61 8721
31 67 3819
31 71 1136
31 73 3280
31 74 9100
31 78 6142
31 79 8842
31 80 7459
31 81 5815
31 82 594
31 85 2191
32 36 1347
32 41 1754
32 42 6499
32 43 3560
32 44 6424
32 51 555
32 54 397
32 55 6703
32 56 6368
32 58 1817
32 59 3551
32 60 7804
32 63 8783
32 65 5540
32 66 1585
32 70 61
32 71 1601
32 74 7178
32 76 137
32 77 4397
32 79 7818
32 80 3488
32 82 8548
32 84 5604
33 34 2815
33 35 6195
33 38 3027
33 40 1523
33 41 1676
33 42 1161
33 43 367
33 45 1978
33 46 6911
33 48 6427
33 49 7457
33 50 5864
33 51 8596
33 53 1143
33 55 9572
33 56 2912
33 57 7926
33 59 827
33 62 4540
33 63 9106
33 64 6986
33 65 2466
33 66 4928
33 69 8422
33 70 7162
33 71 5039
33 72 553
33 73 826
33 74 896
33 76 5137
33 81 711
33 83 5128
34 37 7066
34 39 6400
34 40 5891
34 43 4982
34 44 3221
34 46 1577
34 47 1610
34 48 2906
34 51 8488
34 54 9186
34 55 1115
34 58 9478
34 59 2033
34 60 4369
34 65 3810
34 67 6875
34 75 5004
34 76 39
34 77 2697
34 78 6228
34 80 8771
34 81 2174
34 82 133
34 85 5987
35 36 1767
35 39 9691
35 40 128
35 41 2143
35 45 2549
35 48 5102
35 50 5777
35 58 8569
35 61 8561
35 64 3129
35 65 6168
35 67 1597
35 69 247
35 70 857
35 71 7201
35 72 5840
35 73 2413
35 77 9730
35 80 4970
35 82 5555
35 83 8358
36 38 4644
36 40 9214
36 43 9989
36 45 3266
36 46 8965
36 49 4662
36 52 8226
36 54 2719
36 56 5022
36 63 8875
36 68 8483
36 69 1220
36 71 3491
36 74 5127
36 75 7035
36 78 2236
36 80 9624
36 81 3405
36 85 5311
37 38 722
37 39 1379
37 41 44
37 42 4007
37 49 6553
37 51 9578
37 55 4822
37 57 2724
37 59 4437
37 67 3321
37 68 4383
37 75 838
37 78 1010
37 79 6467
37 80 1281
37 82 8345
37 83 1482
38 39 3902
38 40 5656
38 41 6227
38 42 898
38 44 5736
38 46 6144
38 48 5274
38 52 5421
38 53 607
38 54 4670
38 56 9727
38 58 2918
38 59 9418
38 65 9471
38 66 874
38 67 4232
38 69 5809
38 71 8989
38 72 904
38 73 9409
38 75 5582
38 76 885
38 78 8121
38 80 2450
38 82 9740
38 83 3573
38 84 6514
39 40 4591
39 41 3967
39 44 9783
39 45 2353
39 46 8198
39 47 4863
39 51 1228
39 52 3280
39 53 5087
39 57 9032
39 59 8296
39 60 7576
39 61 3698
39 62 5935
39 65 5487
39 67 8729
39 68 2694
39 70 1530
39 71 363
39 73 2257
39 75 520
39 79 9835
39 80 7278
39 81 6906
39 83 1023
39 85 8898
40 41 328
40 42 9886
40 46 5645
40 47 5634
40 49 8316
40 53 1163
40 54 1371
40 56 73
40 60 8494
40 61 8730
40 62 6937
40 63 739
40 64 8076
40 66 201
40 68 7215
40 69 3597
40 70 5112
40 72 9032
40 73 523
40 75 1738
40 80 4597
40 81 2400
40 82 9594
40 84 4456
41 44 3065
41 46 2759
41 49 8025
41 51 2136
41 54 3388
41 56 3795
41 58 2846
41 59 6319
41 64 9937
41 65 8768
41 66 3118
41 67 7074
41 68 1084
41 70 3172
41 71 6215
41 75 7829
41 77 4986
41 78 2381
41 79 987
41 81 683
41 82 560
41 83 731
41 84 3543
42 43 411
42 44 7011
42 45 8733
42 46 6519
42 47 7069
42 50 7753
42 52 8952
42 54 1310
42 55 1610
42 57 5427
42 59 515
42 60 7177
42 61 8882
42 63 4118
42 64 8040
42 67 3183
42 69 5002
42 73 5447
42 74 9630
42 75 8573
42 77 6429
42 78 7551
42 85 3273
43 44 3070
43 49 5327
43 50 5134
43 55 8090
43 56 1640
43 57 1540
43 58 799
43 59 5138
43 61 8473
43 62 1592
43 63 6660
43 66 1018
43 67 686
43 68 2748
43 69 6374
43 71 8018
43 72 9761
43 73 1008
43 74 2905
43 76 454
43 79 3761
43 83 4739
43 84 3079
43 85 2999
44 47 7376
44 50 6748
44 51 6326
44 53 7988
44 55 7576
44 56 4724
44 57 517
44 58 7619
44 59 734
44 60 2912
44 61 4621
44 62 7349
44 69 2491
44 76 9184
44 78 871
44 80 9139
44 81 3031
44 83 8155
44 84 4421
44 85 5861
45 46 1461
45 48 8034
45 60 7093
45 61 7496
45 64 7356
45 65 8485
45 66 9343
45 68 6696
45 69 4345
45 72 2039
45 73 7429
45 74 1435
45 75 7370
45 77 6382
45 78 5134
45 79 6423
46 48 5346
46 49 9428
46 51 4977
46 54 2336
46 55 6104
46 56 9946
46 57 4033
46 58 6011
46 60 4202
46 61 7652
46 62 6785
46 63 4519
46 64 8981
46 66 9735
46 67 4058
46 68 1136
46 69 3547
46 70 8606
46 71 4204
46 72 6891
46 74 9241
46 77 5966
46 78 5099
46 79 282
46 80 8385
46 81 7988
46 82 1711
46 83 4891
46 84 2185
46 85 387
47 48 5525
47 49 8488
47 52 3216
47 53 2050
47 54 6193
47 56 1957
47 58 2956
47 59 6864
47 60 9030
47 61 11
47 63 5090
47 64 9199
47 66 5286
47 67 2802
47 68 5655
47 70 7644
47 71 6900
47 78 1136
47 79 6073
47 82 4842
47 84 8593
47 85 4267
48 49 5547
48 50 7457
48 51 8521
48 53 2870
48 54 4167
48 55 2783
48 56 7495
48 64 2634
48 66 9070
48 73 7097
48 74 9766
48 75 3925
48 76 1726
48 78 1743
48 80 9129
48 83 7222
49 50 8178
49 51 2998
49 52 3450
49 55 9465
49 57 4166
49 58 4963
49 59 2155
49 60 2565
49 61 3269
49 62 4239
49 64 4345
49 65 3060
49 67 3411
49 72 6690
49 76 8308
49 78 3877
49 81 7083
49 83 2257
49 84 5911
50 51 9503
50 52 5326
50 53 5697
50 54 846
50 55 7101
50 62 192
50 65 9359
50 67 3620
50 68 3354
50 69 9513
50 70 6635
50 71 4968
50 75 52
50 79 5032
50 80 9574
50 82 7260
50 85 8525
51 53 9867
51 54 3094
51 55 298
51 57 5441
51 60 6100
51 68 8642
51 69 4832
51 70 2999
51 71 5245
51 74 2588
51 79 8201
51 81 7419
52 54 797
52 55 3446
52 56 5888
52 57 8036
52 58 2563
52 60 4322
52 61 9498
52 62 3527
52 63 8362
52 64 1677
52 66 8229
52 67 4685
52 68 3394
52 71 6331
52 74 1072
52 76 6398
52 78 1913
52 83 2795
53 54 8829
53 58 6318
53 59 9073
53 60 7470
53 61 6445
53 64 4990
53 66 9310
53 68 3436
53 69 6472
53 74 1051
53 78 3251
53 79 3048
53 80 6961
53 81 4678
53 82 4520
53 84 785
54 57 7500
54 61 5326
54 62 9126
54 65 5527
54 67 1994
54 68 3553
54 69 3552
54 70 3568
54 75 7143
54 80 751
54 81 1330
54 82 1647
54 84 5063
55 56 7420
55 59 4766
55 60 1241
55 62 1815
55 63 5435
55 64 7436
55 67 8767
55 68 1364
55 70 3534
55 71 36
55 72 1855
55 73 4965
55 76 6908
55 77 8168
55 79 6593
55 83 4658
55 85 7664
56 58 8152
56 62 9285
56 63 3261
56 64 6312
56 67 131
56 68 2995
56 71 7379
56 75 9864
56 77 3777
56 80 531
56 81 1853
56 82 7093
56 85 5519
57 58 2197
57 60 8621
57 64 1304
57 65 9015
57 69 6439
57 71 7891
57 73 6696
57 74 9318
57 75 7015
57 79 5514
57 80 8924
57 83 385
57 85 14
58 61 8319
58 64 6254
58 65 3373
58 67 6517
58 69 2650
58 71 3779
58 72 9205
58 75 7530
58 76 752
58 77 9540
58 78 965
58 79 7299
58 80 2961
58 81 5991
58 82 206
58 83 7846
58 84 6907
59 60 7650
59 65 2693
59 67 8171
59 71 2358
59 72 6146
59 74 3845
59 76 2140
59 78 3680
59 79 9729
59 81 9702
59 83 3257
59 85 4873
60 61 9647
60 64 6392
60 65 6935
60 66 7564
60 67 1985
60 68 7652
60 70 9032
60 72 2818
60 73 6832
60 76 258
60 78 6870
60 79 1391
60 81 1195
60 85 4753
61 63 9308
61 64 7118
61 68 2606
61 70 4297
61 71 913
61 72 8217
61 77 5171
61 78 9124
61 79 3302
61 80 9232
61 81 7985
61 82 4296
61 85 4763
62 64 1393
62 66 8348
62 73 195
62 77 2971
62 80 3590
62 81 2249
62 85 3776
63 64 4202
63 67 8803
63 68 1573
63 70 6117
63 71 3724
63 72 1889
63 73 4793
63 75 9776
63 76 195
63 77 4779
63 78 7998
63 81 8071
63 83 1270
63 84 8813
63 85 5006
64 65 3934
64 66 7914
64 68 1445
64 69 4654
64 71 7367
64 72 119
64 73 2996
64 74 136
64 75 6088
64 77 4529
64 79 6830
64 80 6394
64 84 4959
65 68 379
65 73 9215
65 76 9714
65 78 6476
65 79 4275
65 80 8580
65 83 8233
65 84 7666
66 68 6369
66 69 1163
66 70 2957
66 73 4691
66 75 419
66 79 2599
66 81 8257
66 82 6000
66 83 6832
66 85 7823
67 69 9315
67 70 96
67 71 987
67 72 9620
67 74 4996
67 76 4949
67 77 775
67 79 2423
67 82 8575
67 83 7616
67 85 7559
68 69 8606
68 71 1707
68 72 4757
68 73 1311
68 74 5884
68 75 2447
68 82 9307
68 84 9643
68 85 9848
69 70 597
69 71 2524
69 75 290
69 78 4357
69 79 9147
69 80 3288
69 83 8183
70 71 1680
70 74 733
70 75 5813
70 76 845
70 79 5135
70 80 1686
70 81 3471
70 83 6123
71 72 5088
71 74 2145
71 76 1167
71 78 435
71 79 7061
71 80 2690
71 81 193
71 83 6130
71 84 5468
72 73 529
72 74 6546
72 75 3221
72 76 3284
72 77 8088
72 79 9662
72 81 5941
72 82 981
72 84 1092
72 85 7805
73 76 837
73 79 7611
73 82 3192
73 84 1190
74 79 3227
75 77 2034
75 78 207
75 81 1469
75 82 4971
76 77 2887
76 78 7122
76 79 6786
76 80 8310
76 83 3807
76 85 3971
77 79 8025
77 80 5370
78 81 3416
78 83 7703
79 83 1566
79 84 5099
79 85 5086
80 81 4193
80 83 2589
81 82 3332
81 83 4795
81 84 3181
81 85 728
82 85 6084
