95 2230
1 4 827
1 5 4540
1 9 9106
1 13 6986
1 14 2466
1 15 4928
1 20 8422
1 21 7162
1 22 5039
1 23 553
1 24 826
1 25 896
1 26 5137
1 30 711
1 31 5128
1 32 7066
1 33 6400
1 37 5891
1 44 4982
1 47 3221
1 50 1577
1 52 1610
1 56 2906
1 59 8488
1 63 9186
1 64 1115
1 65 9478
1 67 2033
1 69 4369
1 71 3810
1 78 6875
1 79 5004
1 83 39
1 87 2697
1 89 6228
1 91 8771
1 92 2174
1 94 133
2 4 5987
2 5 1767
2 7 9691
2 9 128
2 10 2143
2 11 2549
2 13 5102
2 15 5777
2 17 8569
2 18 8561
2 20 3129
2 21 6168
2 23 1597
2 24 247
2 26 857
2 27 7201
2 28 5840
2 31 2413
2 32 9730
2 33 4970
2 34 5555
2 41 8358
2 42 4644
2 44 9214
2 45 9989
2 46 3266
2 48 8965
2 50 4662
2 52 8226
2 54 2719
2 56 5022
2 57 8875
2 59 8483
2 60 1220
2 61 3491
2 62 5127
2 63 7035
2 69 2236
2 70 9624
2 71 3405
2 76 5311
2 77 722
2 79 1379
2 80 44
2 81 4007
2 82 6553
2 84 9578
2 85 4822
2 86 2724
2 87 4437
2 88 3321
2 90 4383
2 91 838
2 93 1010
3 5 6467
3 8 1281
3 9 8345
3 11 1482
3 12 3902
3 14 5656
3 18 6227
3 20 898
3 21 5736
3 23 6144
3 24 5274
3 27 5421
3 28 607
3 29 4670
3 30 9727
3 31 2918
3 33 9418
3 34 9471
3 35 874
3 37 4232
3 39 5809
3 41 8989
3 42 904
3 44 9409
3 45 5582
3 46 885
3 47 8121
3 52 2450
3 56 9740
3 57 3573
3 58 6514
3 60 4591
3 62 3967
3 67 9783
3 68 2353
3 69 8198
3 70 4863
3 71 1228
3 76 3280
3 77 5087
3 79 9032
3 80 8296
3 81 7576
3 82 3698
3 86 5935
3 87 5487
3 88 8729
3 91 2694
3 93 1530
4 6 363
4 9 2257
4 11 520
4 13 9835
4 17 7278
4 18 6906
4 19 1023
4 22 8898
4 24 328
4 25 9886
4 29 5645
4 31 5634
4 36 8316
4 38 1163
4 42 1371
4 43 73
4 48 8494
4 54 8730
4 57 6937
4 60 739
4 62 8076
4 64 201
4 65 7215
4 67 3597
4 68 5112
4 70 9032
4 71 523
4 72 1738
4 76 4597
4 78 2400
4 79 9594
4 81 4456
4 82 3065
4 84 2759
4 87 8025
4 91 2136
4 92 3388
4 93 3795
4 94 2846
4 95 6319
5 6 9937
5 9 8768
5 11 3118
5 12 7074
5 14 1084
5 16 3172
5 19 6215
5 21 7829
5 25 4986
5 27 2381
5 29 987
5 34 683
5 35 560
5 36 731
5 37 3543
5 38 411
5 40 7011
5 42 8733
5 43 6519
5 44 7069
5 45 7753
5 46 8952
5 47 1310
5 48 1610
5 49 5427
5 52 515
5 55 7177
5 56 8882
5 57 4118
5 58 8040
5 60 3183
5 61 5002
5 63 5447
5 66 9630
5 68 8573
5 80 6429
5 83 7551
5 84 3273
5 85 3070
5 87 5327
5 88 5134
5 90 8090
5 92 1640
5 93 1540
5 94 799
5 95 5138
6 10 8473
6 12 1592
6 14 6660
6 15 1018
6 17 686
6 18 2748
6 20 6374
6 21 8018
6 22 9761
6 23 1008
6 24 2905
6 25 454
6 26 3761
6 27 4739
6 28 3079
6 30 2999
6 31 7376
6 33 6748
6 34 6326
6 36 7988
6 38 7576
6 41 4724
6 44 517
6 46 7619
6 47 734
6 49 2912
6 57 4621
6 58 7349
6 60 2491
6 61 9184
6 63 871
6 67 9139
6 68 3031
6 70 8155
6 71 4421
6 72 5861
6 73 1461
6 74 8034
6 76 7093
6 79 7496
6 81 7356
6 82 8485
6 84 9343
6 86 6696
6 87 4345
6 93 2039
6 94 7429
6 95 1435
7 8 7370
7 9 6382
7 10 5134
7 11 6423
7 12 5346
7 13 9428
7 20 4977
7 21 2336
7 24 6104
7 25 9946
7 26 4033
7 27 6011
7 28 4202
7 29 7652
7 33 6785
7 34 4519
7 37 8981
7 41 9735
7 43 4058
7 44 1136
7 50 3547
7 51 8606
7 56 4204
7 57 6891
7 58 9241
7 61 5966
7 65 5099
7 66 282
7 67 8385
7 70 7988
7 73 1711
7 74 4891
7 76 2185
7 78 387
7 80 5525
7 82 8488
7 83 3216
7 85 2050
7 88 6193
7 92 1957
7 93 2956
7 94 6864
7 95 9030
8 9 11
8 10 5090
8 11 9199
8 12 5286
8 13 2802
8 15 5655
8 16 7644
8 19 6900
8 24 1136
8 25 6073
8 27 4842
8 28 8593
8 30 4267
8 31 5547
8 32 7457
8 33 8521
8 35 2870
8 36 4167
8 37 2783
8 39 7495
8 41 2634
8 42 9070
8 44 7097
8 45 9766
8 49 3925
8 52 1726
8 53 1743
8 56 9129
8 62 7222
8 63 8178
8 64 2998
8 66 3450
8 68 9465
8 69 4166
8 71 4963
8 72 2155
8 73 2565
8 74 3269
8 75 4239
8 78 4345
8 81 3060
8 83 3411
8 85 6690
8 92 8308
8 93 3877
8 94 7083
8 95 2257
9 10 5911
9 11 9503
9 16 5326
9 18 5697
9 20 846
9 21 7101
9 22 192
9 24 9359
9 26 3620
9 27 3354
9 30 9513
9 32 6635
9 39 4968
9 40 52
9 42 5032
9 47 9574
9 50 7260
9 51 8525
9 53 9867
9 54 3094
9 59 298
9 61 5441
9 62 6100
9 65 8642
9 67 4832
9 69 2999
9 70 5245
9 71 2588
9 72 8201
9 73 7419
9 75 797
9 77 3446
9 80 5888
9 82 8036
9 83 2563
9 84 4322
9 85 9498
9 89 3527
9 90 8362
9 94 1677
10 11 8229
10 12 4685
10 13 3394
10 18 6331
10 19 1072
10 20 6398
10 21 1913
10 22 2795
10 23 8829
10 28 6318
10 29 9073
10 35 7470
10 37 6445
10 39 4990
10 43 9310
10 46 3436
10 52 6472
10 55 1051
10 58 3251
10 62 3048
10 64 6961
10 65 4678
10 68 4520
10 69 785
10 72 7500
10 75 5326
10 81 9126
10 82 5527
10 83 1994
10 84 3553
10 86 3552
10 89 3568
10 91 7143
10 92 751
10 94 1330
11 12 1647
11 13 5063
11 14 7420
11 15 4766
11 16 1241
11 18 1815
11 19 5435
11 20 7436
11 26 8767
11 28 1364
11 29 3534
11 33 36
11 34 1855
11 37 4965
11 40 6908
11 41 8168
11 44 6593
11 46 4658
11 50 7664
11 51 8152
11 52 9285
11 53 3261
11 54 6312
11 55 131
11 61 2995
11 62 7379
11 64 9864
11 65 3777
11 67 531
11 68 1853
11 69 7093
11 71 5519
11 73 2197
11 75 8621
11 76 1304
11 78 9015
11 81 6439
11 83 7891
11 84 6696
11 85 9318
11 86 7015
11 90 5514
11 91 8924
11 93 385
11 94 14
11 95 8319
12 14 6254
12 15 3373
12 16 6517
12 17 2650
12 19 3779
12 20 9205
12 26 7530
12 28 752
12 29 9540
12 30 965
12 37 7299
12 40 2961
12 42 5991
12 43 206
12 48 7846
12 52 6907
12 53 7650
12 54 2693
12 57 8171
12 60 2358
12 62 6146
12 63 3845
12 67 2140
12 71 3680
12 72 9729
12 73 9702
12 74 3257
12 75 4873
12 76 9647
12 79 6392
12 82 6935
12 83 7564
12 86 1985
12 88 7652
12 89 9032
12 91 2818
12 92 6832
12 95 258
13 16 6870
13 21 1391
13 23 1195
13 24 4753
13 25 9308
13 26 7118
13 27 2606
13 28 4297
13 29 913
13 32 8217
13 34 5171
13 35 9124
13 36 3302
13 40 9232
13 41 7985
13 42 4296
13 43 4763
13 44 1393
13 45 8348
13 46 195
13 49 2971
13 50 3590
13 52 2249
13 53 3776
13 54 4202
13 55 8803
13 56 1573
13 57 6117
13 58 3724
13 61 1889
13 62 4793
13 63 9776
13 67 195
13 69 4779
13 73 7998
13 74 8071
13 75 1270
13 78 8813
13 79 5006
13 82 3934
13 84 7914
13 85 1445
13 89 4654
13 94 7367
13 95 119
14 16 2996
14 20 136
14 22 6088
14 26 4529
14 35 6830
14 36 6394
14 37 4959
14 38 379
14 40 9215
14 42 9714
14 44 6476
14 45 4275
14 46 8580
14 49 8233
14 50 7666
14 51 6369
14 52 1163
14 54 2957
14 57 4691
14 58 419
14 59 2599
14 60 8257
14 61 6000
14 63 6832
14 65 7823
14 67 9315
14 69 96
14 73 987
14 74 9620
14 78 4996
14 83 4949
14 84 775
14 85 2423
14 90 8575
14 91 7616
14 92 7559
14 93 8606
15 17 1707
15 21 4757
15 22 1311
15 27 5884
15 28 2447
15 29 9307
15 30 9643
15 31 9848
15 34 597
15 36 2524
15 40 290
15 43 4357
15 44 9147
15 46 3288
15 47 8183
15 48 1680
15 49 733
15 50 5813
15 51 845
15 52 5135
15 56 1686
15 60 3471
15 61 6123
15 62 5088
15 63 2145
15 66 1167
15 70 435
15 72 7061
15 75 2690
15 77 193
15 78 6130
15 80 5468
15 81 529
15 82 6546
15 83 3221
15 85 3284
15 86 8088
15 87 9662
15 88 5941
15 89 981
15 91 1092
15 92 7805
15 93 837
15 95 7611
16 17 3192
16 18 1190
16 22 3227
16 24 2034
16 25 207
16 26 1469
16 33 4971
16 37 2887
16 41 7122
16 45 6786
16 47 8310
16 49 3807
16 50 3971
16 51 8025
16 54 5370
16 60 3416
16 61 7703
16 63 1566
16 66 5099
16 67 5086
16 68 4193
16 72 2589
16 75 3332
16 77 4795
16 79 3181
16 80 728
16 82 6084
16 84 6980
16 85 4184
16 91 9169
16 94 3152
17 19 106
17 20 1411
17 21 8421
17 28 5332
17 32 4060
17 34 1866
17 35 7132
17 38 7372
17 40 286
17 41 3298
17 44 6389
17 46 5795
17 47 9246
17 48 8179
17 49 2576
17 50 8738
17 53 8823
17 54 9031
17 55 8285
17 56 4123
17 57 4530
17 60 5062
17 61 7346
17 63 1077
17 66 4302
17 67 6485
17 72 3896
17 73 6986
17 75 4592
17 76 3464
17 78 2200
17 80 7606
17 81 3166
17 82 6453
17 87 1933
17 91 8203
17 92 660
18 19 4523
18 21 5876
18 23 7567
18 24 416
18 26 3097
18 30 3392
18 31 6722
18 33 1891
18 34 6075
18 36 6641
18 39 5272
18 41 9992
18 42 849
18 47 3017
18 48 6801
18 51 3524
18 54 4323
18 55 7478
18 56 5030
18 58 9311
18 60 2026
18 62 3816
18 64 114
18 65 358
18 67 1541
18 70 5564
18 71 3800
18 74 1587
18 79 9100
18 80 6454
18 81 635
18 84 3925
18 85 4393
18 88 8071
18 89 8277
18 90 5717
18 92 777
18 95 3935
19 20 9275
19 24 9126
19 26 3778
19 28 9040
19 29 7416
19 34 2778
19 35 7366
19 38 6093
19 39 497
19 40 1512
19 41 1591
19 43 767
19 44 6436
19 45 3275
19 52 5724
19 53 1494
19 54 8127
19 55 4316
19 56 1965
19 57 823
19 61 3716
19 62 4183
19 63 7363
19 64 7679
19 65 6736
19 68 6998
19 72 2952
19 73 5424
19 75 7337
19 76 326
19 80 9885
19 81 1459
19 82 5430
19 83 7211
19 84 9644
19 87 8852
19 88 8096
19 89 8655
19 91 5657
19 93 46
19 94 6950
20 21 2049
20 24 9094
20 27 910
20 28 2550
20 29 8615
20 30 4686
20 33 8665
20 35 428
20 36 7
20 37 2167
20 39 1151
20 43 2934
20 44 3736
20 45 1162
20 49 7495
20 57 895
20 62 4904
20 64 4911
20 66 4770
20 70 866
20 72 1991
20 73 1469
20 75 2761
20 76 1228
20 80 8
20 85 5321
20 87 2062
20 89 7666
20 90 4159
20 92 9538
20 93 3100
20 94 7756
20 95 4593
21 22 7509
21 23 1193
21 25 8624
21 26 9545
21 27 3439
21 31 4568
21 32 147
21 34 3123
21 36 9041
21 38 1813
21 39 9975
21 40 3081
21 45 5246
21 47 9764
21 48 9738
21 50 4515
21 51 824
21 52 5654
21 53 210
21 54 2161
21 55 8115
21 60 8562
21 62 8956
21 63 7528
21 67 9027
21 68 4950
21 69 6987
21 70 3141
21 73 1627
21 74 6585
21 80 5884
21 87 7933
21 89 4881
21 93 2076
21 95 1126
22 23 4300
22 24 9327
22 25 7808
22 26 7662
22 28 368
22 29 4779
22 31 8010
22 32 531
22 33 7834
22 35 5695
22 36 3545
22 37 7803
22 38 4530
22 40 7948
22 41 7915
22 42 1449
22 43 1204
22 47 8156
22 48 451
22 50 3247
22 53 1922
22 55 1251
22 57 6952
22 60 4328
22 62 9141
22 63 5506
22 64 4836
22 67 5882
22 68 452
22 70 9696
22 71 5727
22 76 1942
22 77 5840
22 79 9884
22 80 3901
22 81 7003
22 82 835
22 84 9966
22 87 1050
22 88 5594
22 89 213
22 91 3908
22 92 247
22 93 6764
22 95 4174
23 25 3272
23 27 8248
23 29 1689
23 30 2904
23 31 9256
23 32 2681
23 35 3510
23 37 4654
23 38 9786
23 39 2079
23 40 1315
23 41 6043
23 42 5047
23 43 1223
23 44 8250
23 48 4163
23 52 5934
23 54 5094
23 55 1600
23 57 8689
23 59 748
23 60 4109
23 65 2263
23 68 8960
23 70 1467
23 72 6446
23 73 2882
23 74 9706
23 76 1483
23 77 6591
23 78 7206
23 80 7456
23 83 1788
23 85 8771
23 86 140
23 87 1999
23 88 5024
23 89 2741
23 93 3361
23 94 5563
24 27 7393
24 33 9318
24 34 7708
24 35 6364
24 36 2360
24 37 4822
24 38 8712
24 49 2184
24 51 2709
24 54 3077
24 56 4068
24 58 2951
24 59 8565
24 60 4299
24 65 6576
24 69 449
24 71 9476
24 72 731
24 73 1786
24 74 1566
24 77 1438
24 79 3944
24 83 8432
24 84 7379
24 86 6949
24 88 1300
24 89 5134
24 92 5336
24 93 9971
25 27 6722
25 29 3330
25 30 3373
25 33 712
25 34 5166
25 36 3865
25 40 4606
25 41 9925
25 46 8815
25 47 8677
25 59 7569
25 60 777
25 61 38
25 62 1584
25 65 7142
25 67 9833
25 68 3285
25 71 8320
25 73 3421
25 75 2287
25 79 7434
25 82 5472
25 84 9808
25 89 6242
25 91 7104
25 92 9965
25 95 1498
26 27 6438
26 28 7174
26 29 4867
26 30 5061
26 37 3909
26 41 1122
26 42 6241
26 45 29
26 48 3160
26 51 5852
26 52 6572
26 53 5731
26 54 7323
26 56 2946
26 59 2296
26 61 929
26 62 9842
26 63 8731
26 68 6232
26 71 7599
26 72 8285
26 75 2695
26 77 648
26 79 4451
26 81 7292
26 83 3051
26 84 9603
26 85 1512
26 86 4152
26 87 2929
26 91 6611
27 29 4631
27 33 7701
27 35 6837
27 36 8185
27 40 5492
27 41 9579
27 42 6399
27 43 6240
27 44 4033
27 47 4719
27 51 866
27 56 1686
27 57 4106
27 58 8814
27 59 7791
27 66 4115
27 69 2506
27 70 8705
27 71 9222
27 73 2370
27 74 7443
27 75 1054
27 78 4490
27 80 1323
27 81 6210
27 85 5080
27 86 6251
27 89 6159
27 91 6586
27 92 2469
27 94 1173
27 95 6956
28 30 9106
28 32 9309
28 34 1131
28 35 768
28 38 7002
28 40 6820
28 41 5760
28 42 8085
28 43 7615
28 45 610
28 46 759
28 48 8244
28 49 7576
28 50 8256
28 51 9694
28 53 4138
28 55 4276
28 56 3626
28 57 4459
28 59 7292
28 62 4398
28 63 9766
28 64 4662
28 65 8072
28 66 7542
28 69 1955
28 70 4363
28 71 2795
28 72 5694
28 73 4270
28 74 5094
28 76 2527
28 81 1465
28 83 3834
28 88 2620
28 90 162
28 91 2534
28 94 7419
28 95 9067
29 31 5779
29 32 6472
29 33 9538
29 36 2714
29 39 5269
29 40 3697
29 43 7363
29 44 9373
29 45 8066
29 50 6944
29 52 9300
29 60 8861
29 61 7296
29 62 882
29 63 8723
29 65 2964
29 66 6319
29 67 6715
29 70 2792
29 71 6637
29 74 8634
29 75 7949
29 76 6041
29 80 8695
29 83 3310
29 85 4708
29 93 9310
30 31 611
30 34 3527
30 35 2670
30 37 1472
30 39 3649
30 40 2656
30 41 8071
30 42 5589
30 43 8178
30 47 6566
30 50 6581
30 52 1019
30 53 368
30 57 5403
30 59 606
30 62 2540
30 64 5659
30 65 9947
30 68 7927
30 71 5146
30 73 6566
30 75 8267
30 82 752
30 87 7877
30 88 5686
30 90 6025
30 93 8441
30 94 1739
31 33 1535
31 35 6849
31 36 6931
31 40 5610
31 41 5303
31 42 1521
31 44 1660
31 45 9209
31 52 2283
31 54 6012
31 58 4688
31 60 4045
31 62 1954
31 70 6122
31 71 4640
31 78 8800
31 81 3397
31 82 7202
31 83 3809
31 85 3774
31 86 3842
31 89 9373
31 90 9450
31 91 7805
31 92 5835
31 94 8166
32 33 9775
32 35 8654
32 39 8190
32 40 590
32 41 3215
32 43 1570
32 45 6294
32 46 3248
32 52 3940
32 53 7967
32 54 1156
32 56 2616
32 58 26
32 59 8974
32 60 2480
32 62 7560
32 63 9637
32 65 2580
32 67 2461
32 69 283
32 70 2996
32 71 9102
32 73 3439
32 74 5089
32 77 7891
32 78 4132
32 79 7752
32 80 8018
32 84 7234
32 85 97
32 86 1227
32 90 3900
32 92 6990
32 93 6953
32 94 3278
32 95 5790
33 36 8461
33 38 7056
33 39 7944
33 41 3978
33 42 9058
33 44 4207
33 46 486
33 50 3613
33 51 1853
33 52 5447
33 54 7302
33 56 2578
33 57 3854
33 58 3999
33 62 4645
33 63 6500
33 65 7961
33 69 5626
33 70 6261
33 72 7275
33 76 7135
33 77 379
33 78 9778
33 79 4324
33 80 4984
33 82 9634
33 84 7283
33 85 8648
33 86 238
33 88 1386
33 89 3814
33 91 5289
34 35 8090
34 36 5415
34 37 1604
34 39 5526
34 43 3525
34 45 472
34 48 4723
34 50 3181
34 53 8935
34 55 5401
34 57 725
34 58 8151
34 63 3681
34 64 3670
34 65 3578
34 66 2103
34 67 6711
34 69 2570
34 70 4087
34 74 6201
34 76 6660
34 77 2343
34 78 8326
34 80 2291
34 81 4883
34 82 9911
34 83 5171
34 85 416
34 86 7180
34 87 6790
34 88 8149
34 89 839
34 92 4291
34 94 6883
35 36 1405
35 37 9506
35 39 1610
35 41 4069
35 42 5005
35 43 5962
35 45 305
35 46 718
35 49 5361
35 51 3923
35 55 3151
35 56 1129
35 57 6945
35 59 4922
35 60 227
35 67 4463
35 68 3990
35 73 5935
35 74 3177
35 79 4066
35 80 8214
35 81 7019
35 82 6243
35 83 1752
35 85 9335
35 86 9541
35 87 4394
35 90 6235
35 91 3417
35 92 6260
35 93 1636
35 95 7632
36 37 7439
36 38 8368
36 39 2483
36 41 9902
36 44 9501
36 48 2627
36 49 5416
36 50 8742
36 53 1664
36 56 1
36 57 5504
36 59 1377
36 61 4900
36 62 5719
36 63 128
36 64 4174
36 65 8250
36 66 7934
36 67 4936
36 68 7947
36 75 1918
36 82 5363
36 84 317
36 86 9618
36 87 7660
36 89 6162
36 90 5935
36 91 1886
36 92 9252
36 94 781
37 48 6208
37 49 4580
37 52 6213
37 53 2653
37 54 5080
37 56 8309
37 57 2300
37 60 7941
37 61 2095
37 62 3539
37 63 9116
37 65 9934
37 66 186
37 67 3008
37 75 9954
37 76 2237
37 78 2245
37 81 1188
37 82 1301
37 83 2714
37 84 3753
37 85 2279
37 87 3378
37 88 6319
37 89 2894
37 90 2988
37 91 5766
37 93 107
37 94 5004
37 95 2692
38 39 4763
38 40 7651
38 41 8838
38 42 713
38 44 6332
38 47 2572
38 48 5514
38 49 4051
38 50 177
38 51 2352
38 52 140
38 53 2093
38 54 9669
38 55 4782
38 56 903
38 57 3268
38 60 7515
38 61 1926
38 62 9421
38 64 6009
38 66 4421
38 67 1348
38 68 2768
38 69 8506
38 71 1078
38 72 4977
38 74 1483
38 75 5725
38 76 4356
38 78 6175
38 79 800
38 86 7256
38 87 2081
38 90 3012
38 92 424
38 93 621
38 94 8881
38 95 222
39 40 3513
39 42 9592
39 43 6030
39 44 769
39 45 1388
39 53 9202
39 55 8366
39 62 5254
39 63 3624
39 64 4355
39 65 9254
39 67 1053
39 69 5343
39 72 8418
39 75 6045
39 76 9235
39 77 1781
39 80 6038
39 82 2279
39 83 1202
39 84 3279
39 85 3052
39 86 9418
39 87 7868
39 89 2622
39 90 2247
39 92 6054
40 42 6374
40 46 235
40 48 2401
40 51 5311
40 53 290
40 54 2521
40 56 5852
40 57 9222
40 58 7127
40 59 9007
40 60 6299
40 67 9870
40 70 9345
40 72 237
40 73 5278
40 74 5439
40 75 2531
40 76 8701
40 80 7698
40 84 4127
40 85 1888
40 87 447
40 90 8525
40 92 4155
40 93 4839
40 94 2251
41 42 6791
41 45 3223
41 53 1190
41 54 5291
41 55 7590
41 56 4802
41 59 8809
41 64 2262
41 66 3319
41 72 4591
41 73 5666
41 74 9010
41 75 9753
41 76 2343
41 78 4595
41 79 6873
41 80 1416
41 81 3312
41 82 6356
41 84 8191
41 85 6404
41 86 2288
41 89 102
41 92 4920
41 94 6932
42 43 651
42 48 7056
42 51 3945
42 55 5250
42 56 6761
42 57 988
42 58 1489
42 61 5221
42 63 9767
42 65 7550
42 66 370
42 71 6116
42 75 6472
42 76 593
42 77 2337
42 78 2106
42 79 9125
42 81 1914
42 85 2175
42 89 2032
42 90 8206
42 93 1139
42 95 772
43 44 6027
43 45 2320
43 46 7800
43 51 18
43 56 8331
43 57 2467
43 58 7620
43 60 5316
43 62 1851
43 65 7085
43 66 3105
43 68 8226
43 69 1122
43 70 9227
43 73 9280
43 74 4159
43 76 4219
43 77 5714
43 78 9099
43 79 7627
43 82 339
43 83 8122
43 85 866
43 89 7509
43 91 503
43 93 6127
44 46 3392
44 47 5556
44 48 9088
44 51 1009
44 52 7824
44 55 2177
44 59 1436
44 61 6989
44 64 2751
44 65 5995
44 66 841
44 69 494
44 70 5262
44 72 2458
44 76 4401
44 77 6353
44 81 7287
44 83 5889
44 85 5732
44 86 4176
44 87 1060
44 91 9393
44 92 7957
44 95 7612
45 47 9173
45 50 9994
45 53 9502
45 54 8623
45 56 4536
45 58 7914
45 60 3834
45 61 8104
45 64 3366
45 65 8280
45 66 3352
45 67 2040
45 68 3945
45 69 8652
45 70 1579
45 71 7043
45 72 2771
45 73 8878
45 75 9467
45 80 5508
45 82 3992
45 86 3774
45 87 2298
45 89 9238
45 91 7685
45 93 2499
45 94 9587
46 47 9533
46 49 5218
46 51 7672
46 52 8508
46 55 4365
46 56 7539
46 57 8471
46 58 6071
46 59 8813
46 61 802
46 63 50
46 64 8937
46 67 5615
46 69 6759
46 70 9937
46 72 6440
46 76 4573
46 78 3583
46 79 7077
46 83 9340
46 85 7860
46 86 1450
46 87 2480
46 92 7445
46 93 9130
46 94 5275
46 95 388
47 48 9838
47 49 7309
47 52 7239
47 54 2878
47 56 7071
47 63 6071
47 67 4850
47 70 3142
47 71 5117
47 75 1218
47 76 2721
47 79 3292
47 80 6956
47 82 761
47 83 4784
47 84 7696
47 85 8673
47 87 7817
47 88 4542
47 89 8430
47 90 9756
47 93 639
47 95 7726
48 49 1260
48 50 5873
48 51 6569
48 52 9452
48 54 1615
48 55 262
48 57 6658
48 58 932
48 59 504
48 60 6091
48 61 770
48 63 282
48 65 2597
48 66 1076
48 70 8334
48 74 9772
48 79 6642
48 82 2058
48 84 6009
48 85 7400
48 86 5799
48 89 4366
48 90 4464
48 93 8903
48 94 1746
48 95 1889
49 52 9740
49 54 349
49 58 4768
49 60 9831
49 61 2083
49 62 1221
49 64 9636
49 66 7017
49 67 4022
49 68 5966
49 69 8251
49 71 1270
49 73 6340
49 74 6307
49 76 4781
49 79 9814
49 80 1513
49 82 3557
49 83 5973
49 85 6851
49 86 6062
49 87 6555
49 88 1253
49 89 1956
50 51 8070
50 53 69
50 54 2446
50 55 2837
50 56 1007
50 60 9083
50 63 1053
50 64 1762
50 65 3447
50 68 3548
50 71 1571
50 74 8081
50 75 5757
50 76 3608
50 79 2623
50 80 9893
50 81 3500
50 83 5801
50 86 9054
50 88 7055
50 90 723
50 92 1904
50 93 4449
50 94 8413
50 95 2799
51 53 6693
51 54 3612
51 56 9808
51 57 4214
51 58 728
51 59 386
51 60 9622
51 62 7759
51 64 1711
51 65 666
51 67 8817
51 68 530
51 71 4452
51 74 7455
51 77 9436
51 79 9657
51 85 5715
51 93 8280
51 94 4600
52 54 1898
52 55 7781
52 59 1808
52 60 9142
52 61 3198
52 62 5218
52 65 8454
52 67 9222
52 69 8911
52 70 7100
52 78 9572
52 80 1521
52 86 1725
52 87 8944
52 88 1282
52 89 656
52 91 8178
52 94 9121
52 95 1643
53 54 9925
53 55 1675
53 58 5763
53 62 2635
53 68 8299
53 70 3831
53 71 7796
53 74 1071
53 76 5243
53 80 7194
53 81 6198
53 82 3944
53 85 9836
53 86 553
53 88 3921
53 91 7284
53 92 7547
53 95 8450
54 59 3048
54 60 6923
54 62 3278
54 66 714
54 67 9713
54 68 8072
54 70 7508
54 71 1720
54 72 6347
54 78 1948
54 79 3975
54 81 4525
54 84 3638
54 86 7507
54 90 4517
54 92 5110
54 94 4456
54 95 8088
55 56 3986
55 57 9094
55 58 4870
55 61 6970
55 62 7461
55 68 3961
55 69 4662
55 71 7091
55 72 9272
55 73 8779
55 74 6331
55 75 7212
55 76 6698
55 79 9282
55 80 4167
55 81 9087
55 83 8406
55 86 747
55 87 8765
55 90 4131
55 91 8936
55 92 6842
55 93 3340
55 94 4135
56 57 3735
56 59 8662
56 60 6946
56 61 9420
56 62 8044
56 63 9310
56 65 318
56 66 4320
56 67 6767
56 71 574
56 73 6473
56 75 1180
56 77 7462
56 80 9545
56 83 6079
56 86 2814
56 88 7570
56 89 4723
56 90 6376
56 91 1849
56 93 841
56 94 6185
56 95 9178
57 58 8774
57 59 889
57 60 1408
57 61 2522
57 65 4074
57 66 4180
57 71 4035
57 72 2646
57 73 8665
57 75 7867
57 76 7241
57 77 2492
57 78 9236
57 80 6267
57 83 1174
57 84 3363
57 85 3919
57 86 45
57 87 4571
57 88 7104
57 89 4889
57 90 3016
57 92 6103
57 94 6173
58 60 9859
58 62 7727
58 64 9952
58 67 886
58 68 4744
58 70 3308
58 72 8863
58 81 3133
58 84 2032
58 85 8597
58 87 4890
58 89 4763
58 91 4756
58 92 4659
58 93 1879
58 94 9688
58 95 9845
59 63 9376
59 66 2150
59 69 6219
59 70 3931
59 71 3000
59 73 9339
59 78 786
59 80 9616
59 81 4166
59 82 7945
59 84 3575
59 85 1588
59 86 5117
59 87 1684
59 88 9880
59 90 4462
59 93 808
60 61 8252
60 62 2324
60 63 8040
60 67 3962
60 71 379
60 75 5984
60 77 5857
60 79 5407
60 82 7589
60 83 7088
60 84 4394
60 85 7091
60 88 44
60 89 1864
60 90 1055
60 91 3348
60 92 9843
60 94 1658
60 95 7082
61 62 4574
61 63 7990
61 66 7784
61 67 3253
61 69 7670
61 72 564
61 74 5317
61 75 5863
61 76 4555
61 77 3409
61 78 40
61 84 4560
61 85 7089
61 86 8977
61 87 4956
61 88 8033
61 90 2869
61 92 4519
62 63 1336
62 65 3460
62 67 794
62 68 2210
62 69 6048
62 71 7793
62 73 9421
62 77 2707
62 78 8249
62 79 8054
62 80 2151
62 82 3322
62 83 4281
62 84 3078
62 85 7567
62 86 2119
62 87 8794
62 89 6069
62 90 1214
62 93 6156
63 66 9376
63 73 639
63 74 5185
63 78 7905
63 79 7215
63 80 856
63 85 6350
63 88 4352
63 90 9189
63 91 1014
63 92 9837
63 93 9999
63 94 5924
64 68 4072
64 72 7594
64 73 8039
64 74 3079
64 77 2610
64 78 8308
64 79 7065
64 84 3370
64 88 4934
64 89 175
64 90 4429
64 91 4973
64 93 9815
64 95 2385
65 68 9914
65 69 4835
65 71 7474
65 72 9383
65 73 512
65 77 1775
65 78 4087
65 79 360
65 82 3572
65 83 9742
65 87 3061
65 90 934
65 91 7018
65 93 3676
65 94 5606
65 95 7659
66 68 3627
66 71 9848
66 72 4524
66 74 672
66 76 418
66 77 8184
66 79 6015
66 80 8681
66 82 153
66 84 9752
66 85 6981
66 91 5006
66 93 144
66 94 5530
67 68 7706
67 70 501
67 72 41
67 73 8690
67 75 1999
67 79 6077
67 81 1648
67 83 2250
67 85 8605
67 87 8076
67 89 7288
67 92 9959
67 94 6003
68 69 7250
68 70 5719
68 71 974
68 73 6547
68 76 68
68 81 520
68 82 7111
68 83 7412
68 86 2120
68 87 1367
68 89 363
68 90 9297
68 91 6159
68 92 3325
68 93 2231
68 94 2304
68 95 9405
69 73 3414
69 74 2080
69 75 4847
69 77 9126
69 79 935
69 80 1690
69 83 7627
69 86 3699
69 87 6245
69 91 4208
69 93 2148
69 94 9326
69 95 3481
70 71 8487
70 72 7732
70 74 5628
70 76 9495
70 77 6917
70 82 3529
70 83 2838
70 84 409
70 89 6938
70 90 5564
70 94 6574
71 72 7190
71 74 6403
71 79 7166
71 80 8062
71 81 5439
71 82 6786
71 87 3693
71 88 8744
71 90 9433
71 93 9804
71 94 2556
72 73 7398
72 74 6424
72 75 8117
72 76 6636
72 77 2184
72 78 9526
72 79 9162
72 82 7281
72 86 312
72 89 8696
72 90 6892
72 93 6989
72 94 9828
72 95 5221
73 77 2452
73 78 6415
73 80 7958
73 83 1596
73 85 8654
73 89 5440
73 90 3783
73 91 8763
73 93 2158
74 76 9930
74 77 4171
74 79 494
74 80 6418
74 82 3231
74 85 1613
74 88 5250
74 90 9814
74 91 2420
74 93 716
74 95 3508
75 77 3684
75 80 7313
75 81 3723
75 82 3321
75 85 4513
75 86 4865
75 91 572
75 92 97
75 93 4020
76 77 3345
76 79 8158
76 80 6235
76 82 6878
76 83 7622
76 84 3904
76 88 8400
76 89 598
76 90 9809
76 92 2556
76 93 929
77 78 5532
77 80 8288
77 81 2762
77 82 4381
77 84 2050
77 85 5977
77 87 7632
77 90 5157
77 91 8526
77 92 5524
77 93 8311
77 94 7268
77 95 5767
78 80 2933
78 82 5833
78 83 4994
78 86 5987
78 87 9505
78 90 6616
78 92 1936
78 93 194
78 95 9985
79 81 3415
79 82 846
79 88 8749
79 89 576
79 91 2669
79 93 6559
79 94 8470
79 95 3466
80 83 8645
80 84 6945
80 85 4528
80 86 5877
80 88 7987
80 92 6634
80 93 3089
80 94 6219
81 84 6243
81 86 4867
81 89 9472
81 91 487
81 92 5737
81 93 2480
81 94 3905
82 84 7091
82 85 2339
82 86 2889
82 90 8320
82 92 2541
82 94 9941
83 86 9141
83 87 7987
83 88 4835
83 92 163
83 93 5732
83 95 3260
84 85 7900
84 88 9318
84 89 885
84 91 6366
84 95 8879
85 86 8493
85 87 8283
85 88 9082
85 89 7394
85 90 9306
85 92 2249
85 93 4999
85 94 3629
85 95 5053
86 87 8768
86 94 5035
86 95 702
87 89 3300
87 91 1004
87 92 3284
87 93 1839
87 94 739
87 95 1361
88 89 67
88 92 5873
88 93 4014
88 94 4152
89 90 6720
89 92 4997
89 94 1086
91 92 7376
91 93 8583
91 94 3348
91 95 2093
92 93 1085
92 94 3570
94 95 8910
