75 1367
1 2 4575
1 3 5289
1 4 6615
1 5 9331
1 6 1748
1 7 6926
1 11 112
1 13 2346
1 14 2316
1 15 4865
1 16 5185
1 21 8225
1 22 9260
1 27 4118
1 31 4237
1 32 1336
1 33 1177
1 37 6732
1 43 7621
1 45 4888
1 46 8673
1 47 9999
1 49 1967
1 50 7414
1 52 7885
1 54 4158
1 55 9880
1 57 7062
1 58 8123
1 59 2521
1 61 3883
1 62 8872
1 64 4875
1 67 1077
1 68 933
1 69 6237
1 72 3143
1 73 2171
1 74 254
1 75 4339
2 3 2717
2 9 1785
2 10 3325
2 13 7863
2 17 6947
2 18 11
2 19 1094
2 20 833
2 21 7893
2 23 890
2 24 2256
2 25 7025
2 26 1412
2 28 478
2 29 8120
2 30 8273
2 32 8263
2 33 1032
2 34 8105
2 35 3882
2 36 1580
2 38 2843
2 39 9684
2 40 4235
2 41 230
2 43 8281
2 46 5192
2 48 8606
2 49 5206
2 50 3116
2 51 2202
2 52 6317
2 53 1201
2 56 3940
2 57 8862
2 58 3891
2 59 2032
2 60 7970
2 61 3922
2 63 7767
2 64 1855
2 68 8455
2 73 1800
2 74 5775
2 75 6024
3 7 7385
3 15 6907
3 18 2683
3 22 3870
3 24 9939
3 27 9282
3 28 8630
3 33 3225
3 34 3316
3 36 1225
3 38 3793
3 44 4811
3 46 6622
3 49 1457
3 51 8440
3 52 7690
3 54 1082
3 57 2067
3 58 2049
3 61 6939
3 64 9727
3 66 2191
3 68 7519
3 69 555
3 70 3260
3 72 3400
3 73 6749
4 6 2096
4 9 1665
4 11 5774
4 12 5105
4 14 9195
4 16 3988
4 18 9074
4 19 85
4 20 414
4 21 4726
4 25 5239
4 26 2443
4 28 6172
4 30 1914
4 31 1903
4 32 9176
4 34 1083
4 40 4671
4 42 1414
4 44 6642
4 48 6028
4 49 6365
4 51 8227
4 53 7691
4 54 3441
4 55 5335
4 57 2818
4 59 4001
4 61 7710
4 63 5020
4 64 580
4 66 9923
4 68 8731
4 69 2499
4 70 3719
4 71 4572
5 7 9149
5 9 4224
5 14 7541
5 20 5028
5 22 7558
5 26 8653
5 27 4046
5 28 6965
5 32 5324
5 33 588
5 35 3826
5 36 9450
5 37 5207
5 38 9581
5 42 1709
5 45 100
5 46 5033
5 51 475
5 52 3726
5 53 3016
5 54 424
5 58 1229
5 59 3854
5 60 330
5 62 6889
5 67 9018
5 69 5619
5 70 8593
5 71 2257
5 72 3100
5 73 1042
5 74 9882
6 7 7743
6 20 1152
6 22 8276
6 23 1181
6 24 4037
6 26 1484
6 27 8342
6 30 5636
6 31 8009
6 32 1869
6 33 3762
6 35 335
6 37 6648
6 38 8279
6 41 475
6 43 895
6 45 2639
6 51 7644
6 55 3521
6 58 7733
6 62 9861
6 64 5133
6 67 3150
6 70 7921
7 12 3112
7 13 9212
7 15 7406
7 18 2038
7 19 9709
7 20 7668
7 24 1824
7 28 9063
7 32 1001
7 34 1489
7 35 1677
7 36 8741
7 37 7226
7 41 9318
7 42 7216
7 44 3624
7 45 3947
7 49 7173
7 53 4997
7 54 2432
7 55 5659
7 58 2961
7 60 442
7 63 768
7 65 45
7 67 6579
7 68 6428
7 69 1704
7 71 3693
7 73 7640
7 75 8903
8 9 815
8 10 5332
8 14 1416
8 15 486
8 16 3333
8 17 3892
8 19 7300
8 20 1055
8 22 9592
8 24 1193
8 28 7396
8 30 842
8 32 6178
8 34 5835
8 35 7444
8 36 8727
8 37 8454
8 38 6862
8 41 7159
8 43 3207
8 44 2369
8 49 7216
8 54 1171
8 55 8026
8 56 3045
8 57 7640
8 60 8220
8 64 1715
8 65 6870
8 66 4732
8 67 4677
8 69 8887
8 71 5097
8 72 7930
8 75 9016
9 10 7675
9 12 479
9 13 653
9 14 6860
9 18 2001
9 19 8017
9 20 2321
9 22 9122
9 23 6842
9 24 5581
9 25 2815
9 26 1970
9 27 2989
9 28 9725
9 29 6897
9 32 5444
9 33 4016
9 34 4878
9 37 5403
9 40 404
9 45 6299
9 46 889
9 48 5682
9 49 2508
9 50 6872
9 51 476
9 52 8645
9 53 5976
9 55 9523
9 56 7726
9 61 9702
9 62 8331
9 65 8489
9 67 5218
9 68 8077
9 69 9674
9 73 1517
10 11 8994
10 14 6790
10 19 9556
10 20 4040
10 21 4584
10 23 690
10 24 9917
10 25 4333
10 29 4279
10 30 6948
10 31 2279
10 35 9803
10 36 4277
10 37 9271
10 38 33
10 40 5379
10 44 4690
10 48 525
10 49 888
10 50 1157
10 52 4234
10 53 2099
10 60 5078
10 61 3361
10 62 6446
10 63 5794
10 65 7576
10 66 2452
10 67 2658
10 69 1921
10 71 941
10 73 2879
11 12 731
11 13 4663
11 14 2807
11 18 2341
11 20 7713
11 21 7308
11 26 7400
11 31 3439
11 32 1569
11 33 8826
11 34 5255
11 35 5210
11 36 2981
11 37 3694
11 38 2001
11 39 7637
11 40 3649
11 42 6857
11 45 7741
11 47 9565
11 48 9133
11 50 5172
11 51 2485
11 53 5058
11 56 4595
11 57 8610
11 59 6606
11 60 1841
11 61 2870
11 63 9136
11 64 621
11 66 7573
11 67 2148
11 68 4224
11 70 3355
11 74 1405
11 75 9528
12 14 9646
12 15 4321
12 18 7743
12 20 5021
12 22 7933
12 23 5221
12 24 9784
12 25 1628
12 26 550
12 27 6153
12 28 9286
12 29 648
12 33 477
12 36 8926
12 38 9821
12 44 5213
12 50 6514
12 51 8718
12 52 471
12 56 1432
12 57 5949
12 58 682
12 60 672
12 61 2745
12 62 8784
12 64 7227
12 66 31
12 69 6100
12 71 3069
12 72 1024
12 73 3314
12 74 4124
13 22 3350
13 29 930
13 31 7689
13 33 9238
13 34 771
13 37 1332
13 38 5219
13 41 7098
13 45 625
13 46 3901
13 47 7235
13 48 5528
13 51 5403
13 53 1665
13 55 7695
13 56 2523
13 57 140
13 59 8161
13 60 5056
13 61 7835
13 62 2339
13 67 6297
13 69 9957
13 70 1327
13 71 3049
13 73 347
14 15 8829
14 16 7028
14 17 4495
14 18 7619
14 19 1834
14 20 8221
14 28 3334
14 31 9817
14 32 1822
14 33 7884
14 34 9729
14 38 6468
14 40 8050
14 42 2877
14 43 5481
14 44 4701
14 47 2905
14 50 3023
14 55 1864
14 59 6760
14 62 7976
14 63 1059
14 64 6046
14 65 3971
14 66 1071
14 68 7611
14 71 4981
14 74 3285
15 16 5745
15 17 9011
15 19 109
15 20 6169
15 22 7367
15 24 2642
15 27 2861
15 29 3985
15 30 6512
15 31 1141
15 33 1882
15 35 5440
15 36 1722
15 37 109
15 40 4424
15 41 4975
15 46 1086
15 47 3878
15 48 8757
15 54 7689
15 56 3148
15 57 9562
15 61 4368
15 63 4110
15 64 3403
15 65 4968
15 66 4552
15 68 9791
15 69 6568
15 70 6041
15 72 7108
15 73 7361
15 74 4412
16 17 7502
16 19 9648
16 21 9960
16 23 531
16 24 2276
16 25 5534
16 28 3378
16 29 2996
16 31 5121
16 32 1793
16 33 8975
16 34 3595
16 36 2418
16 37 6296
16 38 3010
16 43 986
16 44 8462
16 46 5371
16 48 5467
16 52 236
16 55 6454
16 57 9721
16 60 1740
16 61 8371
16 62 7419
16 65 4177
16 66 1081
16 67 916
16 75 8432
17 21 3681
17 22 7236
17 23 6831
17 24 9240
17 25 6764
17 26 574
17 28 3317
17 29 4680
17 30 2352
17 32 3835
17 34 2808
17 36 5218
17 37 7593
17 40 788
17 42 5344
17 45 700
17 46 4799
17 47 4722
17 49 5505
17 54 6499
17 58 2295
17 61 6593
17 62 7463
17 64 5816
17 66 4420
17 67 6286
17 72 5327
17 73 4160
18 20 312
18 26 3627
18 28 1657
18 29 4698
18 30 623
18 31 8068
18 32 4912
18 34 9104
18 35 5335
18 36 421
18 38 4132
18 40 5541
18 41 335
18 42 1630
18 43 6638
18 44 7902
18 47 2230
18 48 472
18 50 4792
18 51 6539
18 53 6772
18 55 3368
18 57 4337
18 63 5377
18 65 6672
18 67 9936
18 68 2755
18 69 1547
18 71 8051
18 73 5913
19 24 3147
19 26 1195
19 27 4599
19 30 3446
19 31 7353
19 32 3620
19 35 304
19 36 3340
19 37 6139
19 39 3640
19 42 6233
19 44 6662
19 46 8196
19 47 3585
19 54 6946
19 55 2879
19 60 1459
19 63 7691
19 68 6701
19 69 8717
19 73 1271
20 23 7402
20 24 8023
20 26 5866
20 28 6362
20 30 2947
20 31 311
20 32 6525
20 35 9285
20 36 9615
20 38 9765
20 39 5575
20 40 2272
20 44 6294
20 45 9119
20 46 779
20 48 6717
20 49 8764
20 51 4981
20 53 8679
20 54 3591
20 56 8847
20 57 5348
20 63 1978
20 64 5098
20 65 2108
20 66 6100
20 68 7753
20 70 4291
20 71 354
20 74 7480
21 22 2833
21 23 2151
21 24 7391
21 25 8513
21 26 7426
21 28 9506
21 29 1715
21 30 5480
21 32 1618
21 34 8155
21 36 579
21 37 8514
21 42 4349
21 44 5712
21 47 4554
21 51 4992
21 52 5384
21 53 8587
21 54 3489
21 55 3820
21 57 8506
21 62 3829
21 65 9508
21 67 8918
21 70 6943
21 71 3207
21 73 4450
21 74 1241
22 23 606
22 24 3548
22 25 3249
22 27 6127
22 28 3057
22 29 2249
22 30 3801
22 35 6126
22 36 1705
22 38 809
22 40 1401
22 45 1307
22 46 4038
22 47 8214
22 54 2726
22 57 7075
22 58 1574
22 60 2940
22 61 1211
22 63 3617
22 64 1596
22 65 5685
22 66 9505
22 68 4917
22 69 576
22 70 8870
22 73 9034
22 75 651
23 24 9951
23 25 9450
23 27 6670
23 29 2712
23 30 2891
23 31 5227
23 33 2479
23 37 2740
23 41 2798
23 42 9717
23 46 9144
23 47 4940
23 48 4057
23 50 2118
23 52 1834
23 53 3626
23 54 8647
23 55 3049
23 57 6184
23 61 6402
23 62 1588
23 65 6794
23 70 226
23 71 8021
23 74 3041
24 25 4548
24 26 6626
24 27 5109
24 30 9219
24 31 1478
24 32 5745
24 35 3774
24 36 3534
24 37 6092
24 40 7117
24 54 9240
24 55 6077
24 56 6691
24 61 614
24 62 2259
24 63 2257
24 66 4072
24 71 4195
24 72 9010
24 74 5092
25 34 9817
25 36 7087
25 38 3542
25 42 5018
25 43 7397
25 47 5812
25 48 1998
25 49 2947
25 50 8641
25 52 8765
25 55 2592
25 56 7946
25 57 1806
25 58 3290
25 61 4637
25 65 4923
25 66 5731
25 70 4757
25 72 9039
25 75 350
26 27 760
26 29 8827
26 30 4298
26 31 3763
26 35 4343
26 38 7309
26 40 7200
26 44 4420
26 45 809
26 46 3657
26 50 9877
26 51 1652
26 57 3096
26 58 2862
26 63 9573
26 64 4619
26 68 1936
26 70 2767
26 71 221
26 73 8717
26 75 8026
27 29 3274
27 30 4995
27 31 573
27 32 9464
27 35 5929
27 36 5792
27 39 2746
27 42 8768
27 43 1349
27 44 1513
27 45 5435
27 46 4263
27 47 4451
27 48 1995
27 49 6389
27 52 1633
27 53 3014
27 56 8441
27 57 4829
27 59 3867
27 62 1678
27 63 5300
27 65 3009
27 68 6761
27 73 2560
27 74 1652
27 75 5195
28 29 7816
28 33 5432
28 39 5298
28 40 2436
28 41 5868
28 45 8596
28 47 7863
28 49 2744
28 52 1439
28 55 4812
28 56 4000
28 58 8215
28 59 6382
28 60 15
28 62 3295
28 63 8974
28 64 3309
28 65 5942
28 67 5567
28 68 2458
28 71 4514
28 74 7411
28 75 845
29 30 4984
29 33 1927
29 34 7248
29 37 1545
29 38 6923
29 39 4701
29 40 8886
29 45 8572
29 49 9143
29 55 8684
29 59 2339
29 60 4812
29 62 7510
29 71 8011
29 72 9786
29 73 7307
29 74 5175
29 75 5836
30 31 21
30 33 1375
30 36 4942
30 38 964
30 39 9037
30 40 8867
30 41 2923
30 42 6393
30 45 7810
30 46 1655
30 47 1215
30 48 5305
30 50 2740
30 51 4979
30 53 155
30 54 3704
30 56 7966
30 58 463
30 60 8738
30 61 3820
30 62 7897
30 64 491
30 66 7014
30 67 8639
30 68 2933
30 69 4860
30 73 8772
30 74 8178
31 32 614
31 34 9463
31 36 5981
31 37 9232
31 38 4191
31 39 1024
31 40 5967
31 41 1722
31 42 7073
31 43 7877
31 44 5080
31 47 8344
31 49 4198
31 50 9432
31 51 4092
31 52 5776
31 54 9233
31 55 394
31 58 3307
31 60 2143
31 61 4637
31 62 6467
31 63 4097
31 64 5257
31 65 9805
31 68 3206
31 70 7444
31 71 2793
31 74 6890
31 75 6712
32 34 1226
32 36 4490
32 39 9236
32 40 5700
32 41 1642
32 45 6933
32 48 7134
32 50 3121
32 52 6930
32 55 5628
32 56 4399
32 60 2975
32 61 6305
32 65 502
32 66 1022
32 69 6155
32 70 7228
32 74 9640
32 75 7930
33 34 1720
33 36 2310
33 37 9271
33 39 6069
33 40 4300
33 42 8887
33 43 7596
33 45 2756
33 48 3568
33 51 8444
33 53 7446
33 54 169
33 59 243
33 61 7708
33 63 2929
33 65 3343
33 66 5696
33 67 9942
33 68 3097
33 73 8337
34 35 2004
34 37 3784
34 38 9214
34 41 6136
34 43 5104
34 46 1111
34 50 2304
34 53 8141
34 54 1835
34 55 8068
34 57 6997
34 60 1601
34 63 8458
34 65 8529
34 69 3278
34 71 2571
34 74 5371
34 75 2804
35 38 4484
35 39 8617
35 41 8795
35 45 2696
35 47 36
35 48 6476
35 50 1426
35 52 4269
35 55 2104
35 59 2480
35 62 4090
35 63 5252
35 65 9978
35 68 43
35 69 2511
35 70 3084
35 74 6814
36 38 2720
36 42 6395
36 43 6846
36 46 3982
36 47 9148
36 48 3413
36 50 8908
36 51 3884
36 52 1043
36 55 5935
36 56 2440
36 58 7112
36 60 8134
36 61 6872
36 63 7503
36 64 4100
36 69 2341
36 73 8579
36 74 1889
37 38 4494
37 39 7033
37 43 8907
37 45 4889
37 46 5967
37 48 4816
37 49 1073
37 53 7635
37 55 9994
37 56 9638
37 63 6684
37 64 5807
37 65 5999
37 66 9634
37 67 1559
37 69 5991
37 70 5515
37 73 3247
38 40 9373
38 41 8987
38 42 7386
38 44 506
38 45 6842
38 46 5562
38 48 4462
38 51 2612
38 54 6507
38 56 6899
38 57 3491
38 65 132
38 66 3542
38 69 5005
38 71 5493
38 72 3255
38 73 355
38 74 4554
39 40 6527
39 41 107
39 43 8653
39 45 9502
39 46 4304
39 49 5230
39 53 6692
39 54 6214
39 56 692
39 57 7798
39 61 7705
39 63 3207
39 65 2589
39 66 9943
39 67 4630
39 68 1707
39 69 2126
39 70 3492
39 72 492
39 73 8031
39 74 1481
39 75 8006
40 45 6042
40 46 9142
40 48 2390
40 50 7263
40 53 5211
40 55 4561
40 59 1343
40 60 1490
40 62 9252
40 63 711
40 65 1929
40 66 9047
40 68 9726
40 69 2755
40 74 8002
40 75 9630
41 43 9744
41 44 8010
41 46 9479
41 47 9331
41 48 6893
41 49 7542
41 50 4404
41 51 3027
41 53 5170
41 54 8188
41 55 8292
41 56 9087
41 57 7914
41 58 8780
41 59 4914
41 60 5694
41 65 1841
41 67 1953
41 73 9174
41 74 3155
42 43 3162
42 44 5298
42 46 1170
42 48 3278
42 49 5971
42 50 915
42 51 3130
42 52 1195
42 56 9052
42 57 815
42 58 4311
42 60 3663
42 61 3090
42 64 7804
42 66 7417
42 70 9664
42 71 6276
42 74 2126
43 44 5013
43 45 1152
43 46 3902
43 48 6275
43 56 5505
43 59 1610
43 60 4088
43 63 8543
43 66 2264
43 67 8020
43 68 9632
43 69 1383
43 72 3907
43 75 5528
44 47 7985
44 48 5885
44 49 8253
44 50 3487
44 52 2016
44 54 8699
44 57 5623
44 58 8623
44 62 3454
44 64 6671
44 65 9678
44 66 7340
44 71 8875
44 73 6363
45 46 3077
45 47 8682
45 50 828
45 51 6337
45 53 5676
45 56 9756
45 57 9156
45 63 5718
45 68 9890
45 69 8622
45 72 6558
45 75 6445
46 49 7860
46 51 4936
46 52 4340
46 54 5823
46 55 8131
46 56 2598
46 59 7240
46 63 1221
46 64 2845
46 65 5918
46 66 8079
46 68 5198
46 69 4411
46 70 4045
46 71 9720
46 72 4954
46 74 5797
47 52 5829
47 54 4619
47 55 1597
47 56 3320
47 57 2788
47 58 9720
47 61 9950
47 63 8231
47 64 9303
47 65 5909
47 66 5233
47 67 5632
47 68 6921
47 71 6356
47 75 3498
48 49 8044
48 50 7834
48 55 7775
48 56 7952
48 57 3225
48 58 5081
48 59 2985
48 63 3495
48 65 6211
48 66 7017
48 67 6317
48 74 8977
49 50 2624
49 53 1353
49 54 8999
49 58 9618
49 61 409
49 63 1812
49 65 7202
49 71 6470
49 72 1816
49 73 1680
49 74 441
49 75 5780
50 52 7376
50 53 6956
50 54 4885
50 55 4946
50 58 1736
50 61 2328
50 65 9728
50 67 6987
50 68 5178
50 70 338
50 74 2292
51 52 178
51 54 157
51 55 9497
51 57 8740
51 58 7972
51 60 3268
51 62 4615
51 63 9245
51 64 4537
51 66 6055
51 69 4535
51 70 5375
51 71 8513
51 72 2263
51 73 9481
52 54 2910
52 58 4725
52 59 6348
52 60 9327
52 62 5101
52 66 5938
52 70 9165
52 72 7794
52 74 3894
53 54 9218
53 55 1818
53 58 9862
53 62 3595
53 65 6638
53 66 8209
53 67 5407
53 69 8757
53 71 3684
53 72 7154
53 73 6471
53 74 8274
53 75 6881
54 56 2737
54 57 8443
54 58 1608
54 60 5842
54 68 6826
54 69 2137
54 70 9490
54 71 2025
54 72 6649
55 56 4333
55 57 4304
55 58 8685
55 59 1173
55 60 7848
55 62 4127
55 63 6837
55 64 3554
55 66 607
55 71 1482
55 72 3552
55 75 1037
56 57 9501
56 58 8502
56 60 6310
56 63 9682
56 66 6583
56 67 9467
56 70 5291
56 71 2467
56 72 9510
56 73 8935
57 58 145
57 59 5105
57 60 8543
57 62 6446
57 64 3315
57 65 1881
57 67 7284
57 68 5511
57 73 9733
57 74 8729
57 75 2424
58 59 8632
58 61 9457
58 62 9392
58 64 9882
58 65 7936
58 66 1872
58 70 2947
58 74 5456
58 75 9005
59 60 4100
59 62 8406
59 71 3726
59 72 879
59 74 5646
59 75 6860
60 61 2852
60 67 355
60 68 738
60 69 9571
60 70 7890
60 72 735
60 75 2332
61 62 1813
61 63 1917
61 66 8033
61 68 2010
61 70 5196
61 71 7171
61 74 7043
62 63 2450
62 65 3769
62 67 8397
62 69 9681
62 70 808
62 73 6246
62 74 1648
62 75 2025
63 65 4262
63 66 1557
63 68 3467
63 69 8318
63 70 6299
63 72 7675
63 74 528
63 75 4457
64 65 8836
64 72 760
65 68 7585
65 71 8063
65 72 6424
65 73 7578
66 70 8676
66 71 1849
66 72 7038
67 69 7720
67 70 8429
67 71 7162
67 72 5619
67 74 283
67 75 1675
68 70 322
68 73 4794
68 74 720
69 71 2416
69 72 1045
69 73 6574
69 74 320
69 75 5061
70 71 4320
70 75 5842
71 73 5122
71 74 2719
72 73 4782
72 74 7014
72 75 7716
