65 1022
1 2 5924
1 5 9835
1 6 9754
1 7 6699
1 10 3427
1 11 4729
1 13 3680
1 15 5138
1 16 6512
1 18 6301
1 21 2878
1 22 138
1 25 6369
1 26 5738
1 27 9900
1 28 3641
1 29 3833
1 30 1080
1 31 5248
1 32 6303
1 33 3339
1 34 4812
1 35 1569
1 36 7111
1 37 65
1 41 5752
1 44 1528
1 45 6683
1 49 2511
1 52 1826
1 58 8743
1 59 2940
1 61 5577
1 62 2364
2 3 6154
2 4 7160
2 8 5334
2 9 8884
2 10 8568
2 11 4542
2 15 3418
2 16 3178
2 22 2595
2 26 2700
2 27 8813
2 30 2630
2 38 2404
2 39 1964
2 42 7243
2 44 9584
2 45 8555
2 46 2129
2 50 7067
2 51 2193
2 52 5470
2 53 9941
2 59 5199
2 62 9744
2 63 2247
2 64 340
3 4 5876
3 5 2854
3 7 3708
3 8 3851
3 9 8143
3 11 9707
3 12 8008
3 14 562
3 15 1471
3 16 2189
3 17 8731
3 18 7683
3 19 9254
3 20 2340
3 21 3425
3 24 5907
3 27 2259
3 28 4589
3 29 5711
3 31 1063
3 35 6286
3 39 7786
3 41 489
3 43 8668
3 45 7566
3 46 3228
3 49 3947
3 51 3378
3 54 83
3 55 4982
3 56 691
3 58 4375
3 62 8503
4 6 3104
4 7 1178
4 8 1735
4 10 1805
4 11 6559
4 12 5438
4 14 1718
4 15 7298
4 16 9450
4 19 8565
4 20 7912
4 21 4598
4 24 2339
4 25 7065
4 29 6087
4 32 5717
4 34 6287
4 36 6741
4 37 7147
4 39 6031
4 43 8995
4 44 3375
4 45 3206
4 50 1070
4 52 2373
4 53 3900
4 54 3932
4 58 342
4 61 3950
4 63 6449
4 64 7484
4 65 7222
5 9 9303
5 10 1563
5 13 888
5 15 2824
5 16 8639
5 18 125
5 19 727
5 21 7049
5 22 4563
5 23 6807
5 24 2176
5 26 3862
5 28 6134
5 31 6795
5 32 5601
5 33 9585
5 34 775
5 36 8296
5 37 7447
5 39 2118
5 41 8572
5 42 5965
5 43 9581
5 47 985
5 48 5724
5 54 1921
5 56 4022
5 57 2041
5 58 7156
5 59 2437
5 61 313
5 65 5988
6 7 2129
6 8 2466
6 9 4723
6 12 406
6 13 7740
6 17 439
6 18 7915
6 19 1100
6 20 9661
6 22 7062
6 23 1505
6 25 7698
6 27 8915
6 29 9875
6 32 8214
6 34 1588
6 38 2109
6 39 8826
6 42 6449
6 44 9864
6 46 8928
6 47 6720
6 54 3962
6 55 8575
6 56 6224
6 59 7825
6 60 5198
7 8 7174
7 9 1914
7 10 1102
7 11 3452
7 12 9697
7 14 6051
7 16 1710
7 17 1576
7 18 5815
7 19 1732
7 20 3210
7 22 1821
7 23 9681
7 25 1434
7 26 59
7 30 8395
7 33 7076
7 34 3842
7 35 1499
7 36 5036
7 37 7989
7 41 1013
7 43 9396
7 44 7030
7 47 9183
7 50 4887
7 53 6424
7 61 671
7 62 9753
7 63 475
8 9 4535
8 12 7838
8 14 7175
8 16 3587
8 20 4402
8 23 5270
8 28 7827
8 31 7236
8 33 8750
8 34 897
8 35 4406
8 36 8417
8 39 2848
8 41 7176
8 42 7464
8 43 4845
8 44 9588
8 46 9666
8 47 2992
8 48 5259
8 49 8356
8 53 6518
8 54 6780
8 56 9175
8 58 9780
8 64 6528
9 12 7822
9 13 3616
9 14 5020
9 16 281
9 22 1035
9 25 2423
9 27 8087
9 29 1898
9 30 5892
9 31 4247
9 32 5068
9 33 8868
9 36 4965
9 38 2270
9 39 1751
9 40 8223
9 41 2261
9 47 7457
9 49 623
9 52 7304
9 53 7695
9 56 9335
9 57 5337
9 58 8880
9 59 6084
9 60 2051
10 11 240
10 16 8811
10 25 3302
10 26 4402
10 30 1062
10 32 7569
10 33 4642
10 34 197
10 37 4357
10 38 8224
10 40 355
10 44 9269
10 47 6578
10 48 1836
10 50 1604
10 51 5280
10 54 9920
10 57 9386
10 61 7330
10 63 1500
10 65 8166
11 14 8680
11 15 5632
11 19 9651
11 22 716
11 23 3080
11 26 2779
11 28 911
11 30 1906
11 34 700
11 36 1922
11 37 9095
11 39 8680
11 41 4999
11 44 3286
11 45 2653
11 46 8738
11 47 2461
11 48 3735
11 49 3561
11 50 1470
11 53 8253
11 54 5782
11 59 9220
11 61 7133
11 63 4372
11 64 2207
11 65 4685
12 13 9466
12 14 4066
12 15 1140
12 17 9766
12 19 4340
12 21 932
12 25 357
12 28 7076
12 29 4626
12 32 7777
12 35 6913
12 37 7152
12 38 1113
12 40 3036
12 41 3520
12 42 558
12 43 7036
12 46 6792
12 47 5813
12 49 5816
12 50 8383
12 51 2429
12 52 2932
12 53 3703
12 59 3760
12 63 973
12 64 5989
13 15 1098
13 19 7315
13 20 5274
13 21 3566
13 22 3590
13 24 4223
13 30 2540
13 32 8536
13 36 6250
13 37 1757
13 39 7826
13 40 31
13 42 7736
13 44 5115
13 45 4301
13 46 4771
13 49 3417
13 51 2176
13 53 6235
13 54 574
13 55 6268
13 57 7489
13 58 8771
13 62 399
13 63 2160
13 64 3795
14 15 8081
14 16 1624
14 20 4851
14 22 7146
14 30 3292
14 31 8455
14 32 5472
14 34 1612
14 35 4077
14 37 3973
14 40 8056
14 41 9420
14 42 1900
14 43 2913
14 47 8135
14 49 5874
14 50 9745
14 51 7098
14 53 6559
14 61 9071
15 18 6912
15 21 391
15 22 6542
15 25 2319
15 26 6976
15 30 2085
15 31 994
15 33 4792
15 34 6368
15 36 7046
15 37 1563
15 38 3303
15 41 9802
15 42 4447
15 45 7845
15 47 9756
15 48 6919
15 51 4332
15 56 8335
15 64 1747
15 65 5339
16 20 2508
16 21 9195
16 25 8813
16 27 4255
16 28 402
16 29 9201
16 31 1591
16 32 6075
16 33 7442
16 44 4341
16 46 1552
16 47 4655
16 52 2278
16 57 1388
16 58 6658
16 65 6234
17 18 457
17 20 7847
17 22 9548
17 23 2130
17 24 9177
17 25 6413
17 26 8061
17 27 3818
17 28 8346
17 29 462
17 30 6161
17 33 1014
17 35 6727
17 39 9843
17 41 1377
17 43 4094
17 46 650
17 47 7444
17 49 1373
17 50 4811
17 51 649
17 52 5696
17 54 696
17 57 1120
17 62 1200
17 65 743
18 20 9580
18 22 5026
18 23 5808
18 24 5045
18 25 1488
18 30 8806
18 31 7711
18 33 5859
18 36 5356
18 38 2804
18 39 5820
18 41 8622
18 43 4095
18 46 5363
18 47 9880
18 50 3813
18 52 4069
18 53 3567
18 54 5092
18 59 5015
18 61 8787
18 64 5289
18 65 4945
19 21 9631
19 22 79
19 23 7884
19 29 4141
19 30 3772
19 31 2418
19 33 3960
19 34 2642
19 35 1385
19 36 4254
19 37 6533
19 39 3320
19 43 2257
19 44 2704
19 49 9064
19 50 1213
19 51 5181
19 52 6326
19 53 3458
19 54 2595
19 55 634
19 60 7303
19 61 3540
19 64 6566
19 65 1846
20 21 5093
20 22 3602
20 24 4747
20 25 8381
20 28 7305
20 31 5514
20 32 1367
20 33 1124
20 34 1155
20 37 3784
20 38 1964
20 40 8579
20 41 7596
20 42 9112
20 43 7511
20 44 161
20 45 9847
20 46 2747
20 49 7507
20 51 7090
20 53 8853
20 55 1798
20 61 3150
21 23 255
21 27 3988
21 29 5043
21 30 3510
21 31 8504
21 33 9937
21 34 4820
21 36 5047
21 37 4328
21 38 5726
21 39 4353
21 46 4711
21 47 779
21 49 477
21 51 173
21 53 7231
21 56 695
21 58 3380
21 60 1261
21 61 5172
21 62 7409
21 64 4985
22 25 1874
22 29 4041
22 32 1820
22 35 3164
22 37 494
22 39 3190
22 40 2223
22 41 9769
22 43 423
22 44 7213
22 45 472
22 46 9167
22 48 3726
22 49 7786
22 55 2833
22 57 8719
22 59 145
22 60 3670
22 63 2268
22 65 1028
23 27 262
23 28 2247
23 29 5249
23 30 9449
23 32 1388
23 36 8478
23 39 8834
23 41 4276
23 42 3193
23 45 6528
23 47 130
23 49 8910
23 51 4583
23 52 5766
23 56 4243
23 57 8894
23 58 6316
23 61 6620
23 62 8686
24 26 8661
24 27 8738
24 28 7627
24 29 4571
24 30 1451
24 31 2949
24 35 7853
24 36 9221
24 40 6455
24 41 2181
24 46 3413
24 47 8617
24 52 421
24 53 8474
24 57 847
24 60 5197
25 28 2372
25 30 3586
25 32 5221
25 35 6503
25 37 670
25 38 6692
25 40 9723
25 41 7779
25 42 8235
25 46 1064
25 48 564
25 50 2149
25 51 9100
25 52 6730
25 53 8945
25 54 6384
25 56 8918
25 57 4450
25 63 9697
25 64 728
25 65 3566
26 27 3184
26 28 4985
26 29 6231
26 30 4909
26 31 8486
26 32 375
26 33 9332
26 36 4371
26 37 3125
26 41 8780
26 42 8534
26 44 8743
26 46 2661
26 48 3767
26 51 1441
26 53 3456
26 54 7872
26 55 2699
26 56 863
26 59 6596
26 61 4633
26 63 244
26 65 2474
27 29 1621
27 30 652
27 31 9620
27 36 7047
27 37 7781
27 39 2871
27 43 3574
27 46 9279
27 47 7679
27 49 1767
27 53 6633
27 55 3670
27 57 1040
27 58 2083
27 59 5537
27 60 8292
27 62 7780
27 63 8088
27 65 8393
28 36 6023
28 37 7090
28 38 9541
28 40 4065
28 42 7260
28 43 4258
28 44 6621
28 49 5831
28 51 6329
28 52 9279
28 53 3750
28 56 6181
28 59 1741
28 60 2964
28 64 9828
29 30 5645
29 32 1241
29 33 423
29 35 6873
29 36 9605
29 40 8096
29 45 997
29 47 7542
29 51 1805
29 52 3838
29 54 7450
29 55 5754
29 58 8388
29 62 1497
30 31 5492
30 33 608
30 35 4534
30 36 9657
30 40 8585
30 43 5489
30 46 2127
30 47 9369
30 48 2738
30 49 7043
30 51 5106
30 52 7255
30 53 3987
30 59 8017
30 60 6288
30 63 454
31 34 8213
31 35 4174
31 37 1973
31 38 4699
31 39 4256
31 41 407
31 42 9266
31 43 1384
31 44 5319
31 46 8430
31 50 2968
31 51 3587
31 54 4811
31 55 1328
31 56 2793
31 58 7463
31 59 6095
31 62 6536
32 33 7420
32 35 7735
32 36 1684
32 37 9220
32 39 8008
32 40 9217
32 41 1366
32 42 558
32 44 971
32 47 308
32 49 4568
32 51 597
32 52 4404
32 54 5095
32 56 2889
32 58 8809
32 60 7822
32 61 5528
32 62 280
32 63 7451
32 64 5602
33 34 3892
33 35 3710
33 37 5667
33 39 949
33 40 376
33 41 7217
33 42 8390
33 43 3247
33 47 6451
33 49 2509
33 50 2938
33 51 3801
33 59 1333
33 63 6472
33 64 669
34 40 2855
34 41 5248
34 43 77
34 44 7442
34 46 8822
34 47 8628
34 52 2664
34 53 626
34 55 6924
34 57 3640
34 60 4215
34 61 8506
34 62 7175
35 36 3095
35 37 665
35 38 9917
35 41 6187
35 45 6727
35 48 6529
35 52 8379
35 53 6981
35 54 4455
35 56 7253
35 58 5522
35 59 9254
35 64 392
35 65 1283
36 37 7742
36 38 6871
36 42 2655
36 44 7055
36 45 2628
36 47 8902
36 48 8337
36 52 8320
36 55 8254
36 57 2817
36 58 4378
36 59 6767
36 60 7886
36 61 4679
37 39 5691
37 40 7483
37 41 6514
37 42 9036
37 45 6170
37 48 4692
37 49 3935
37 50 5880
37 53 8884
37 54 8925
37 56 8702
37 57 3696
37 58 4338
37 59 329
37 60 1188
37 61 4314
37 63 6387
37 64 2629
37 65 4325
38 40 9633
38 42 4135
38 43 8039
38 44 258
38 45 2611
38 46 7923
38 49 1811
38 50 3599
38 52 2492
38 55 1851
38 57 6298
38 58 931
38 59 2828
38 60 1117
38 62 1554
38 65 7675
39 40 8999
39 42 7673
39 45 410
39 46 949
39 47 4448
39 48 841
39 49 8672
39 50 7739
39 51 3406
39 52 5829
39 53 9757
39 54 7174
39 59 1811
39 60 5552
39 61 5218
40 41 6263
40 42 6375
40 49 4753
40 50 1354
40 51 3756
40 52 7232
40 53 9192
40 54 5727
40 55 7003
40 56 7068
40 60 7141
40 61 9619
40 63 4367
40 64 3058
41 42 2472
41 44 866
41 46 5413
41 47 5762
41 53 6169
41 54 1103
41 58 9716
41 59 5209
42 44 9436
42 45 2902
42 47 2381
42 48 1878
42 51 8708
42 52 3348
42 54 7820
42 55 3820
42 56 5874
42 57 8642
42 60 2647
42 61 3332
42 62 4900
42 63 2814
42 65 2266
43 44 6553
43 45 6976
43 51 8015
43 54 5749
43 56 559
43 57 8720
43 58 1233
43 59 400
43 61 6032
43 62 4077
43 63 2551
43 64 3498
43 65 6492
44 45 7269
44 49 8359
44 51 9655
44 52 4469
44 57 6982
44 58 9776
44 59 5538
44 60 7897
44 61 5582
44 62 1330
44 64 9703
44 65 898
45 46 2282
45 53 9113
45 54 7700
45 55 2887
45 56 1489
45 59 134
45 60 1068
45 61 395
45 62 3005
45 64 4565
45 65 3183
46 47 7546
46 49 6591
46 51 8878
46 52 8377
46 54 4446
46 55 4326
46 61 9123
46 62 6297
46 63 1727
47 49 6477
47 50 7592
47 53 3956
47 55 1167
47 57 5124
47 64 2203
47 65 9891
48 52 435
48 54 6203
48 57 924
48 60 4759
48 61 5653
48 63 277
48 64 7195
48 65 5198
49 54 9582
49 55 165
49 56 8727
49 57 5174
49 59 6424
49 64 839
49 65 9565
50 52 7318
50 53 1595
50 56 6940
50 58 6655
50 59 2020
50 61 9265
51 52 287
51 53 189
51 54 9127
51 56 9760
51 57 6693
51 61 5706
51 63 2877
51 65 6628
52 54 666
52 55 2346
52 56 4678
52 57 8462
52 58 6733
52 60 2723
52 61 9344
52 63 7687
52 64 4812
53 55 9549
53 57 9759
53 61 4200
53 63 573
53 65 6403
54 56 8833
54 57 9723
54 58 6751
54 60 2400
54 62 5309
54 64 2792
55 57 7426
55 58 6441
55 59 9461
55 62 9113
55 64 2058
55 65 8247
56 58 1296
56 59 9916
56 60 9639
56 61 6438
56 62 4268
56 63 6420
56 64 8015
56 65 550
57 58 4763
57 59 2615
57 61 4405
57 63 6361
57 65 4492
58 59 2046
58 60 4186
58 61 145
58 64 1960
59 64 1751
60 61 7668
60 62 2480
60 63 7633
60 65 3947
61 62 3894
61 63 681
61 65 3684
63 64 1310
64 65 1775
