65 1043
1 2 1208
1 4 2250
1 7 9703
1 8 3077
1 10 699
1 11 690
1 13 7838
1 15 6738
1 17 8518
1 23 6367
1 26 6148
1 27 7052
1 29 237
1 34 2523
1 36 79
1 39 6174
1 40 6736
1 41 7376
1 43 1720
1 45 4004
1 47 2912
1 48 2894
1 57 6113
1 63 1850
2 3 9340
2 4 5773
2 7 5689
2 9 406
2 10 5073
2 11 5951
2 14 813
2 16 9618
2 18 4574
2 23 8040
2 24 5397
2 26 46
2 27 3350
2 28 6205
2 30 589
2 31 4131
2 33 127
2 36 1352
2 37 4080
2 45 5271
2 47 9519
2 48 7788
2 52 1140
2 53 7839
2 55 6525
2 58 126
2 60 6170
2 62 313
2 65 4954
3 4 7406
3 7 9123
3 8 2238
3 10 6603
3 11 4057
3 12 2499
3 13 7128
3 15 8193
3 16 1563
3 18 1117
3 21 1208
3 22 1903
3 24 4051
3 25 305
3 26 4049
3 28 5293
3 29 5127
3 30 7311
3 32 9042
3 34 762
3 35 6770
3 38 3712
3 39 1232
3 40 5581
3 42 1826
3 45 7798
3 46 3992
3 50 6251
3 51 2851
3 52 5177
3 54 2808
3 55 5878
3 56 6110
3 57 9131
3 58 5454
3 60 1661
3 61 2929
3 65 7251
4 7 1387
4 12 5607
4 13 2893
4 14 5752
4 15 3702
4 17 1534
4 19 2141
4 26 7695
4 28 9087
4 29 4990
4 32 7602
4 35 8527
4 36 4759
4 38 8231
4 40 1626
4 41 6513
4 44 1084
4 49 3140
4 52 1702
4 53 1201
4 54 9240
4 56 3951
4 57 4124
4 59 5183
4 60 3306
4 61 2839
4 62 2801
4 63 9377
5 6 8608
5 8 1798
5 9 2559
5 10 3220
5 13 5631
5 14 5284
5 15 3880
5 16 1242
5 19 2842
5 20 6555
5 21 176
5 22 4029
5 25 4606
5 28 5060
5 29 780
5 30 6102
5 32 7442
5 34 6070
5 35 5448
5 38 8805
5 39 4964
5 40 5515
5 43 9418
5 46 7229
5 47 9300
5 48 1623
5 56 5538
5 58 3192
5 59 4266
5 61 9480
5 62 7911
5 63 3702
5 65 9282
6 7 7319
6 9 5002
6 16 3242
6 20 6011
6 23 1734
6 24 7804
6 27 1914
6 28 8369
6 29 8154
6 32 2988
6 33 5558
6 34 2440
6 35 826
6 36 5447
6 37 1005
6 40 4488
6 42 48
6 47 3852
6 50 4988
6 51 6057
6 55 4267
6 57 2933
6 58 9866
6 59 7270
6 61 2112
6 62 2434
6 65 5164
7 9 8562
7 12 5981
7 13 9753
7 14 8807
7 15 8450
7 16 3546
7 17 5087
7 18 5274
7 19 6957
7 21 1326
7 23 6820
7 25 3819
7 29 9374
7 32 2035
7 35 4190
7 36 9321
7 37 1776
7 42 2244
7 43 8442
7 44 279
7 45 7994
7 49 7196
7 51 4242
7 52 5263
7 54 4626
7 55 3423
7 57 4679
7 58 6543
7 61 1271
7 62 285
7 63 1944
7 64 6989
7 65 1445
8 11 8641
8 13 2372
8 14 9859
8 16 2633
8 19 8290
8 21 7423
8 24 3945
8 28 4478
8 33 5391
8 34 7018
8 35 933
8 39 6453
8 42 3931
8 45 175
8 47 6172
8 48 8288
8 53 9094
8 54 4483
8 55 4635
8 56 4186
8 61 2574
8 62 5763
8 63 292
8 65 3631
9 11 1286
9 13 2836
9 14 2074
9 15 3532
9 18 9958
9 20 1228
9 21 6826
9 22 140
9 23 7259
9 26 6706
9 27 8544
9 28 7745
9 33 3936
9 34 1510
9 35 5364
9 38 8276
9 39 4229
9 41 8434
9 45 5687
9 51 425
9 53 3483
9 56 9589
9 59 3952
9 61 9181
9 62 9886
9 64 9724
10 12 7300
10 16 9857
10 19 7728
10 20 375
10 21 8159
10 22 7581
10 25 5603
10 28 2742
10 34 5531
10 38 1430
10 40 5742
10 41 402
10 42 4117
10 43 7164
10 44 8723
10 45 7205
10 46 5127
10 49 6141
10 51 9732
10 52 1602
10 54 482
10 55 9450
10 58 9004
10 59 4174
10 62 2348
10 63 8660
10 64 1557
11 12 4798
11 13 7286
11 14 4816
11 15 7335
11 16 8007
11 17 1383
11 18 8419
11 19 4586
11 20 4854
11 21 864
11 22 5860
11 23 7039
11 24 4539
11 25 3676
11 26 5616
11 28 2529
11 29 3927
11 30 7804
11 31 3331
11 33 9129
11 34 6108
11 35 1030
11 36 250
11 38 365
11 39 9093
11 40 8020
11 42 9794
11 44 6974
11 46 4620
11 47 9538
11 48 6503
11 51 9876
11 52 6172
11 56 4456
11 57 6034
11 58 7445
11 59 9659
11 60 857
11 61 8421
11 64 6947
12 13 8229
12 17 1630
12 18 3008
12 21 9592
12 22 4076
12 24 2491
12 25 5137
12 26 5724
12 29 1044
12 35 3154
12 36 4664
12 37 8229
12 39 8540
12 40 6534
12 41 4238
12 45 5752
12 46 5286
12 47 3549
12 49 113
12 50 8267
12 53 302
12 54 9829
12 59 7390
12 62 1460
12 63 5184
12 64 9677
12 65 5041
13 15 7089
13 17 1792
13 18 2151
13 20 9504
13 21 2027
13 22 5657
13 25 1823
13 26 2877
13 28 2119
13 30 9564
13 35 3133
13 36 9104
13 37 3092
13 39 7533
13 40 7989
13 42 4986
13 44 3406
13 45 8944
13 46 5201
13 52 9662
13 54 5018
13 55 5787
13 59 5800
13 61 9432
13 63 8771
13 64 3199
13 65 6133
14 15 5938
14 18 2085
14 21 4700
14 22 4544
14 24 3121
14 25 6861
14 26 9827
14 27 5907
14 28 7601
14 36 7518
14 40 1603
14 42 1337
14 45 239
14 47 7029
14 48 7206
14 50 7409
14 53 9934
14 55 8606
14 56 7290
14 57 5846
14 60 4797
14 61 7633
14 62 5887
14 63 513
14 64 4193
14 65 2605
15 21 1969
15 22 819
15 23 1409
15 24 780
15 27 4659
15 29 6125
15 30 7390
15 33 8682
15 34 7579
15 36 9626
15 37 5222
15 40 72
15 41 10
15 42 3350
15 44 5078
15 48 9505
15 49 7437
15 50 4976
15 51 9229
15 52 6166
15 53 3803
15 55 9869
15 56 5256
15 57 6529
15 59 5874
15 60 3297
15 61 8120
15 62 3886
16 18 3121
16 19 8240
16 25 3471
16 26 2127
16 27 1097
16 31 4316
16 36 7484
16 38 4872
16 39 2180
16 43 8330
16 44 7741
16 45 2044
16 47 6891
16 49 6196
16 50 7662
16 52 4762
16 57 3876
16 60 737
16 61 7965
16 64 1484
17 18 4252
17 23 1225
17 25 3920
17 26 6148
17 28 377
17 29 7272
17 32 2190
17 33 6323
17 34 832
17 35 1829
17 36 8160
17 38 7742
17 39 7033
17 40 5444
17 41 547
17 47 9795
17 48 5120
17 50 1980
17 51 218
17 52 9940
17 53 4468
17 55 9665
17 56 5864
17 58 4510
17 60 4065
17 64 1552
17 65 9173
18 20 5869
18 21 8455
18 24 9683
18 27 1154
18 28 7789
18 29 4181
18 31 9075
18 32 1260
18 33 6165
18 34 8790
18 35 7263
18 37 1470
18 38 41
18 42 5075
18 43 5277
18 45 5446
18 47 5150
18 48 6618
18 49 9792
18 53 2261
18 55 4947
18 58 5996
18 62 4549
18 65 9988
19 20 4092
19 21 8658
19 22 7472
19 24 1835
19 26 2545
19 27 8364
19 34 5822
19 36 9306
19 37 4048
19 39 6103
19 41 9708
19 42 1402
19 43 9294
19 49 5884
19 51 3385
19 52 4971
19 55 3076
19 57 8681
19 59 2526
19 60 378
19 65 1408
20 22 8629
20 23 9210
20 26 8322
20 28 6420
20 30 8851
20 31 9962
20 34 1896
20 37 9805
20 38 906
20 40 3368
20 41 9108
20 45 8069
20 46 6819
20 47 9828
20 49 5745
20 50 5972
20 51 3896
20 52 9369
20 53 6566
20 61 1229
20 63 6679
20 65 6151
21 22 3236
21 24 3574
21 25 6323
21 28 7772
21 29 3285
21 30 7
21 31 6094
21 33 6073
21 34 701
21 35 1017
21 37 5600
21 40 5222
21 41 1777
21 44 3414
21 45 8589
21 48 7621
21 49 3113
21 50 4394
21 51 9584
21 54 5283
21 55 9026
21 58 5921
21 59 5715
21 60 6950
21 62 7167
22 23 8389
22 24 9777
22 25 6627
22 28 3047
22 32 6153
22 33 4226
22 35 8938
22 38 6469
22 43 8128
22 44 4835
22 45 316
22 46 1193
22 47 7221
22 49 8930
22 52 8951
22 54 1656
22 55 1620
22 56 1853
22 57 6122
22 58 8031
22 59 4209
22 62 9703
22 63 4460
22 64 3489
22 65 9243
23 24 1593
23 25 7833
23 27 9574
23 28 7900
23 29 8903
23 30 8239
23 32 4726
23 34 8069
23 37 9413
23 39 356
23 43 153
23 44 3088
23 47 3927
23 49 6965
23 52 5992
23 55 7308
23 57 9473
23 58 2482
23 60 5159
23 63 8599
24 25 4721
24 28 6116
24 29 3232
24 32 2726
24 33 4324
24 36 5
24 43 8221
24 44 6731
24 47 1476
24 48 1159
24 50 9950
24 53 2976
24 54 6372
24 56 5327
24 58 3690
24 59 6474
24 60 622
24 61 654
24 63 4245
24 64 3974
24 65 739
25 26 5466
25 28 9427
25 29 8922
25 34 1773
25 35 1232
25 36 4671
25 37 9934
25 39 5512
25 41 3487
25 42 7725
25 43 1734
25 45 7705
25 48 4418
25 49 8321
25 54 1264
25 57 3270
25 58 651
25 60 2594
25 62 3543
25 64 8802
26 27 9858
26 32 8623
26 34 6514
26 37 1184
26 38 1665
26 39 504
26 41 6321
26 47 7178
26 48 434
26 52 4486
26 53 7783
26 56 3679
26 58 2373
26 62 5931
26 63 7246
27 28 5360
27 29 7474
27 30 4501
27 32 8439
27 33 6019
27 36 6658
27 38 6427
27 39 842
27 41 6559
27 42 7470
27 44 9336
27 46 1589
27 48 9161
27 50 6045
27 52 2104
27 53 364
27 54 4412
27 56 3323
27 57 2957
27 58 1428
27 59 4352
27 60 2286
27 64 7918
27 65 3970
28 29 8499
28 30 9648
28 31 4410
28 33 2041
28 39 8717
28 40 2755
28 41 4654
28 44 2848
28 48 8308
28 49 349
28 51 9778
28 52 4829
28 54 7982
28 55 8953
28 56 3306
28 57 6442
28 59 8330
28 60 340
28 61 7724
28 62 3247
29 30 4249
29 32 7451
29 33 1278
29 34 7415
29 35 6151
29 36 4850
29 38 5589
29 40 8059
29 42 8656
29 43 3574
29 49 6095
29 53 1920
29 54 3729
29 57 1361
29 60 1468
29 61 8402
29 63 1063
29 64 3366
30 31 8282
30 32 9887
30 33 7096
30 34 1613
30 38 3522
30 39 3919
30 40 2941
30 41 9306
30 42 2768
30 45 5096
30 46 1220
30 47 2939
30 48 4616
30 50 4978
30 53 2457
30 54 7407
30 55 6037
30 58 777
30 60 668
30 61 3093
30 62 5766
30 63 9298
31 33 7382
31 35 5505
31 36 8896
31 38 4974
31 39 6169
31 40 8395
31 44 604
31 49 8999
31 52 385
31 55 5724
31 58 54
31 59 6532
31 60 6618
31 62 1345
31 63 2866
31 64 2744
32 33 2334
32 34 2170
32 36 5964
32 37 4442
32 39 1317
32 40 1682
32 42 2877
32 43 7441
32 45 3844
32 47 9614
32 48 6359
32 49 1674
32 52 644
32 54 4574
32 59 3314
32 60 7259
32 61 9764
32 62 9688
33 35 4900
33 36 9303
33 37 9816
33 39 697
33 40 4008
33 42 4441
33 44 7511
33 46 7575
33 48 2883
33 49 5153
33 52 9035
33 53 2922
33 55 9316
33 57 3140
33 58 9886
33 59 6563
33 60 3016
33 61 7001
33 63 1903
33 64 8265
33 65 8738
34 35 8635
34 37 7391
34 39 5018
34 40 2602
34 41 3609
34 43 3763
34 44 7736
34 47 8264
34 48 3315
34 49 669
34 50 9586
34 52 3032
34 53 3744
34 54 6626
34 55 4547
34 57 5397
34 59 5001
34 61 4800
34 63 3834
34 64 428
35 40 4735
35 41 3245
35 42 4722
35 44 8731
35 51 5897
35 53 8425
35 54 8723
35 56 6919
35 58 6148
35 59 8947
35 61 5201
35 64 3750
36 41 7369
36 42 6541
36 45 3154
36 47 5887
36 49 2542
36 52 5757
36 56 813
36 57 4875
36 58 1101
36 60 4204
36 61 7616
36 64 1870
36 65 1840
37 40 3550
37 41 2315
37 45 9996
37 47 5534
37 48 3105
37 49 3576
37 50 461
37 52 4605
37 55 5035
37 59 9611
37 61 3435
37 63 349
37 65 6380
38 40 2483
38 41 764
38 42 5019
38 44 5469
38 45 5611
38 46 2877
38 49 7195
38 50 6103
38 51 8291
38 53 4268
38 55 3620
38 59 3070
38 60 4234
38 61 2048
38 62 2829
38 64 8177
38 65 5823
39 42 9256
39 45 6049
39 46 7165
39 48 7245
39 50 6231
39 51 5992
39 52 5589
39 53 2741
39 54 639
39 57 6184
39 60 7722
39 62 4982
39 64 6339
39 65 8873
40 41 1227
40 45 2773
40 46 9798
40 48 7357
40 55 8999
40 56 862
40 57 1219
40 58 2812
40 60 4817
40 62 3636
41 43 2328
41 44 4779
41 45 2380
41 46 5024
41 52 3051
41 56 9829
41 57 4641
41 59 5895
41 61 5837
41 63 1064
41 64 5399
42 43 2738
42 49 6979
42 54 5184
42 55 9179
42 57 9299
42 61 4570
42 62 567
42 65 7703
43 45 6890
43 48 9101
43 52 9667
43 53 7551
43 57 4852
43 60 1760
43 62 2913
44 45 630
44 51 6768
44 55 2665
44 57 9826
44 59 7981
44 62 6644
44 64 4801
45 46 1938
45 50 3640
45 52 1986
45 54 8808
45 55 3756
45 56 9770
45 59 5543
45 61 1299
45 63 6404
45 64 6802
46 47 4177
46 48 2445
46 50 8648
46 54 3172
46 59 692
46 60 9820
46 63 4768
46 64 8161
46 65 8722
47 49 1778
47 50 8012
47 52 8986
47 54 4225
47 57 952
47 59 8832
47 60 3588
47 61 2316
47 64 1329
48 49 7022
48 50 8798
48 51 528
48 52 9522
48 55 4756
48 56 4247
48 58 4640
48 60 2290
48 64 5188
48 65 365
49 50 3691
49 52 2220
49 53 4092
49 62 8113
49 63 8340
49 64 7148
49 65 975
50 51 8933
50 52 2474
50 57 5777
50 60 9497
50 61 9703
50 65 7548
51 53 1458
51 54 7042
51 55 1542
51 57 7455
51 59 4085
51 61 3826
51 65 4442
52 54 3481
52 56 9148
52 59 1568
52 61 182
52 62 2693
52 63 5830
52 64 1169
52 65 35
53 60 5244
53 61 7193
53 62 1599
53 64 2901
54 55 2454
54 59 4005
54 60 5010
54 62 2368
54 65 6149
55 62 4644
55 65 9257
56 61 8255
56 65 3321
57 58 2201
57 60 9599
57 63 9182
57 64 3205
58 62 1016
59 61 1782
59 64 6762
59 65 3948
60 61 8933
60 62 1059
61 62 8124
61 63 2490
61 64 3818
61 65 7379
62 64 2172
63 65 1647
