65 1082
1 8 7201
1 9 3729
1 13 7731
1 14 3831
1 15 7604
1 18 2879
1 19 8864
1 20 2647
1 23 4240
1 25 6027
1 27 3303
1 28 7028
1 30 511
1 31 745
1 34 4401
1 38 5574
1 43 6837
1 44 3730
1 45 6068
1 46 1817
1 47 9547
1 48 86
1 50 7661
1 52 9458
1 53 5300
1 55 8332
1 56 9877
1 57 2030
1 59 5597
1 61 7541
1 64 8120
2 3 6364
2 5 9040
2 6 1303
2 7 9803
2 9 5039
2 13 9585
2 14 8003
2 17 3487
2 21 6986
2 23 4168
2 24 714
2 27 1194
2 30 5940
2 31 5557
2 32 7021
2 33 6045
2 34 9147
2 37 4208
2 38 3213
2 41 1650
2 42 4098
2 45 2086
2 46 4246
2 47 2353
2 49 1281
2 50 3166
2 52 1298
2 57 2735
2 58 6085
2 59 1172
2 61 2139
2 62 9125
3 4 9911
3 5 4263
3 7 9490
3 8 4382
3 9 6928
3 10 1935
3 11 6224
3 15 4663
3 16 6423
3 17 7252
3 18 7145
3 21 4014
3 27 1356
3 29 2113
3 30 3450
3 33 9468
3 37 6031
3 39 3819
3 41 8254
3 45 4092
3 49 4357
3 57 6178
3 60 2668
3 64 7521
4 7 5765
4 12 6882
4 13 6301
4 14 9963
4 16 2214
4 19 4558
4 20 5638
4 21 1302
4 22 8319
4 23 5447
4 24 2631
4 25 6423
4 26 1064
4 27 9785
4 28 9951
4 29 6303
4 32 1864
4 34 9175
4 35 9103
4 36 4840
4 37 2892
4 38 460
4 40 8854
4 41 8147
4 43 8360
4 45 3234
4 49 280
4 52 7255
4 53 8163
4 59 1063
4 61 5440
4 62 5392
4 65 2569
5 8 3909
5 9 7232
5 10 9057
5 11 153
5 13 4882
5 17 2582
5 19 7719
5 20 1635
5 21 6665
5 23 5703
5 24 6108
5 25 8816
5 26 2442
5 28 9208
5 29 4236
5 32 3990
5 34 4046
5 37 2984
5 38 2382
5 39 2923
5 41 4263
5 43 6914
5 47 8048
5 49 7396
5 51 3917
5 52 2886
5 54 6781
5 55 8634
5 58 633
5 59 2337
5 60 2850
5 64 6083
6 7 9675
6 11 3197
6 13 22
6 14 4830
6 16 3402
6 17 6496
6 19 9778
6 22 191
6 23 2157
6 26 7238
6 27 4172
6 29 2506
6 30 1443
6 31 7455
6 34 5463
6 35 2606
6 39 1041
6 44 8855
6 46 3569
6 50 7207
6 51 3155
6 53 5841
6 55 8184
6 56 7532
6 58 1222
6 59 9593
6 60 2380
6 61 4527
6 62 1027
7 8 2424
7 9 1457
7 10 1727
7 12 1338
7 14 4264
7 15 7017
7 17 7585
7 23 3698
7 25 3813
7 28 7775
7 29 7043
7 30 8042
7 32 1133
7 35 6481
7 37 7625
7 38 5042
7 40 5338
7 42 4024
7 43 7684
7 45 131
7 47 2216
7 48 469
7 51 4477
7 52 5650
7 56 9953
7 58 9619
7 59 1157
7 60 7353
7 62 9034
7 63 6237
7 64 3678
8 11 7643
8 17 1384
8 18 8985
8 19 9097
8 20 9856
8 21 8055
8 23 4076
8 25 5483
8 26 7134
8 29 6419
8 30 3507
8 31 2990
8 32 5749
8 33 5280
8 34 9459
8 35 3694
8 37 3291
8 38 8055
8 39 8681
8 40 1228
8 41 5355
8 42 8910
8 43 7070
8 44 8953
8 46 4676
8 50 2308
8 52 8750
8 54 4349
8 57 5854
8 58 4348
8 59 5906
8 60 9291
8 61 6042
8 62 3119
8 64 838
8 65 6159
9 10 2198
9 11 6355
9 14 9469
9 15 4870
9 19 2815
9 21 206
9 22 5397
9 24 5127
9 25 2059
9 29 2286
9 30 5506
9 31 6819
9 33 3935
9 35 5526
9 36 6483
9 37 4046
9 38 4003
9 39 9299
9 40 5006
9 41 8150
9 42 2165
9 43 8633
9 44 3454
9 46 6512
9 48 1958
9 50 2367
9 51 9908
9 52 8319
9 57 4927
9 58 7029
9 60 637
9 62 1472
10 11 4504
10 12 9622
10 14 5550
10 15 2484
10 16 6942
10 17 3419
10 20 286
10 21 7689
10 22 5609
10 23 2488
10 24 8475
10 25 6038
10 27 6405
10 28 604
10 30 2786
10 31 4624
10 32 5071
10 33 7214
10 34 1335
10 35 397
10 36 2817
10 43 9489
10 49 1708
10 51 1338
10 52 291
10 53 686
10 54 5567
10 55 9780
10 57 7136
10 58 7419
10 61 8794
10 62 4579
10 63 8402
10 64 9707
11 14 5906
11 15 6525
11 16 6677
11 17 670
11 18 4555
11 22 1599
11 24 2722
11 26 3325
11 29 6238
11 30 8317
11 32 5694
11 33 315
11 34 3422
11 40 2384
11 42 9318
11 43 1454
11 45 3297
11 47 4234
11 49 2266
11 50 9104
11 51 4961
11 52 6314
11 54 4821
11 56 1020
11 57 7288
11 58 2963
11 63 2125
11 64 4745
12 13 2063
12 14 5665
12 15 4018
12 16 9372
12 19 3248
12 21 7169
12 26 2803
12 27 3965
12 30 9355
12 31 9770
12 32 9451
12 33 8052
12 34 8170
12 35 8249
12 36 2049
12 38 3609
12 46 3697
12 50 9653
12 51 2321
12 52 9996
12 53 4998
12 57 8720
12 59 8238
12 61 3589
13 18 5329
13 21 8811
13 24 6971
13 25 8627
13 26 3054
13 27 526
13 32 2985
13 33 9730
13 37 4945
13 39 8064
13 40 7471
13 41 942
13 44 4406
13 47 4412
13 48 8002
13 53 5000
13 54 795
13 57 145
13 58 1471
13 61 3837
13 62 3235
13 63 3091
14 15 8038
14 16 4369
14 21 3356
14 22 2570
14 25 3784
14 29 3226
14 32 5428
14 33 3048
14 34 6631
14 35 7598
14 36 402
14 37 5740
14 39 2906
14 49 1996
14 50 2676
14 51 5814
14 52 9821
14 53 6475
14 54 2671
14 57 6836
14 58 4002
14 60 9223
14 61 8694
14 63 9397
14 65 34
15 18 7524
15 21 4365
15 22 4079
15 23 6660
15 24 1187
15 27 1204
15 28 2333
15 29 9820
15 33 9215
15 34 3492
15 37 2205
15 38 6997
15 39 3442
15 41 6430
15 42 7118
15 43 7590
15 44 2489
15 47 2961
15 49 7391
15 50 9919
15 52 5630
15 54 162
15 55 4582
15 56 4500
15 57 5039
15 58 9158
15 60 7127
15 61 9585
15 63 1572
15 64 926
15 65 8714
16 17 8963
16 21 5754
16 22 4806
16 24 5382
16 29 1529
16 30 1908
16 32 2392
16 36 8955
16 40 5659
16 42 7720
16 45 4745
16 46 3530
16 47 1160
16 48 740
16 49 7130
16 51 3076
16 52 3891
16 53 8256
16 54 2871
16 55 5431
16 58 2041
16 59 342
16 63 363
16 64 1334
17 19 906
17 20 5856
17 21 4230
17 22 6878
17 24 4890
17 26 1976
17 30 39
17 31 7029
17 33 8310
17 34 5612
17 35 912
17 38 8893
17 40 121
17 43 476
17 44 4893
17 46 6099
17 48 2917
17 52 6664
17 54 5806
17 55 5163
17 56 5831
17 57 1933
17 58 8981
17 59 4045
17 62 5649
18 21 2562
18 22 7017
18 24 3209
18 25 3237
18 28 8389
18 30 7878
18 33 4199
18 34 5334
18 35 7415
18 37 7854
18 38 6743
18 39 4108
18 40 4259
18 41 8333
18 42 4626
18 44 4989
18 45 8309
18 48 9862
18 51 3166
18 53 4432
18 54 3478
18 56 6371
18 58 3157
18 59 7944
18 60 529
18 63 4939
18 64 5911
19 20 9623
19 22 8354
19 24 7770
19 28 6030
19 30 7486
19 31 9757
19 33 8239
19 34 6635
19 35 9512
19 39 4514
19 42 8727
19 44 8313
19 45 6947
19 46 9105
19 50 4839
19 51 5704
19 52 3215
19 53 7949
19 55 8067
19 56 6058
19 57 250
19 58 727
19 59 2071
19 62 4570
19 63 7542
19 64 6574
20 21 1604
20 24 9623
20 25 5115
20 26 3208
20 31 1827
20 34 2475
20 35 2272
20 36 7105
20 37 3108
20 39 5264
20 43 5191
20 45 2269
20 46 7659
20 50 6570
20 52 3432
20 55 3858
20 56 5972
20 57 9739
20 58 630
20 59 9051
20 61 9501
20 63 441
20 64 8682
20 65 9081
21 26 8782
21 27 8447
21 28 6445
21 29 6852
21 31 5421
21 32 684
21 36 9360
21 37 7712
21 39 436
21 41 3201
21 44 7863
21 45 1234
21 48 6084
21 49 5454
21 52 3589
21 55 1597
21 58 8914
21 59 7745
21 61 2700
21 62 8701
22 23 3238
22 25 8635
22 26 7762
22 29 825
22 30 8505
22 33 9588
22 35 7592
22 36 8292
22 37 3894
22 38 5730
22 41 1820
22 43 570
22 45 3211
22 46 542
22 47 2714
22 49 7699
22 51 1309
22 54 6630
22 57 7186
22 58 2043
22 60 5601
22 61 9442
22 62 3947
22 64 3103
23 26 9529
23 28 4154
23 31 2921
23 34 3186
23 40 3884
23 41 6234
23 42 8936
23 46 7011
23 48 3048
23 49 7518
23 50 6318
23 53 9308
23 56 3519
23 58 1111
23 59 7023
23 60 8291
23 65 978
24 25 6258
24 27 6548
24 30 1330
24 32 3092
24 33 8178
24 35 9979
24 36 4792
24 37 7041
24 39 4339
24 40 8487
24 41 4111
24 43 5180
24 45 9284
24 54 9659
24 57 7922
24 58 1058
24 59 2271
24 60 1813
24 61 9652
24 62 8925
24 63 9741
24 64 5457
24 65 1889
25 26 2493
25 28 9447
25 29 1865
25 33 449
25 34 1345
25 35 6758
25 36 426
25 37 5023
25 38 1748
25 47 4323
25 52 9277
25 53 4324
25 54 472
25 55 4178
25 58 5568
25 61 7415
25 62 4253
25 64 8701
25 65 7845
26 27 1773
26 28 2198
26 29 9060
26 30 4652
26 31 4715
26 32 8826
26 36 7586
26 38 4999
26 39 460
26 40 2257
26 41 9343
26 44 7719
26 46 1541
26 50 6088
26 51 2969
26 52 4557
26 54 9274
26 55 4207
26 57 4593
26 59 6504
26 62 1009
26 64 8894
26 65 6612
27 30 2968
27 32 6345
27 34 1128
27 38 7639
27 40 2750
27 41 649
27 42 6831
27 43 6314
27 44 1421
27 45 4862
27 47 5522
27 48 1272
27 49 637
27 50 868
27 52 5804
27 53 5656
27 54 5889
27 56 8339
27 57 8614
27 58 6672
27 60 1292
27 61 2133
27 63 3193
27 65 4723
28 30 5977
28 31 9618
28 32 3718
28 33 1640
28 36 9571
28 40 6677
28 43 2864
28 44 1131
28 45 5588
28 46 6003
28 48 587
28 49 934
28 52 5984
28 53 1335
28 55 1823
28 56 507
28 59 6099
28 60 2179
28 62 1346
28 64 2222
28 65 2732
29 30 4942
29 31 7304
29 38 3700
29 39 3416
29 40 866
29 42 511
29 44 7568
29 48 4153
29 51 1166
29 54 8053
29 55 9087
29 56 2167
29 57 9648
29 59 9780
29 60 644
29 62 8743
29 64 2776
29 65 2322
30 31 1143
30 34 2815
30 35 4910
30 40 4668
30 41 3394
30 43 8116
30 45 3920
30 46 2984
30 47 8048
30 49 7055
30 50 4269
30 53 2553
30 54 8953
30 55 6312
30 56 8720
30 57 7653
30 59 8659
30 60 5565
30 61 3248
30 62 2747
31 34 8555
31 35 648
31 36 3929
31 37 3128
31 38 8976
31 40 4768
31 41 8545
31 42 1145
31 49 724
31 51 4904
31 52 2974
31 53 8868
31 54 9807
31 55 3739
31 56 9219
31 57 1981
31 58 6415
31 60 625
31 64 5086
31 65 1935
32 33 3538
32 37 278
32 38 6540
32 39 1171
32 41 6742
32 42 8941
32 43 5485
32 44 9037
32 45 8213
32 48 1719
32 50 958
32 52 6700
32 56 9084
32 60 860
32 61 8612
32 62 4775
32 64 8237
33 34 9210
33 35 2672
33 38 8394
33 42 2890
33 43 3588
33 44 4569
33 47 3481
33 48 7585
33 50 5838
33 51 7685
33 53 5176
33 54 4550
33 55 9343
33 56 8799
33 57 3332
33 58 6912
33 59 4022
33 61 7816
33 62 3784
33 65 3282
34 35 6054
34 36 2042
34 38 2657
34 39 9438
34 40 4303
34 41 834
34 42 100
34 45 9285
34 50 5942
34 53 7804
34 55 5413
34 63 2346
35 36 6029
35 38 3029
35 39 4237
35 43 5327
35 45 2425
35 48 9299
35 51 854
35 57 4740
35 58 9278
35 64 1904
35 65 6859
36 40 2836
36 48 623
36 49 4814
36 52 6775
36 54 7625
36 55 7338
36 56 7136
36 57 9625
36 59 2295
36 60 8078
36 62 3664
37 38 2433
37 39 3005
37 40 3964
37 41 3730
37 42 8959
37 43 8317
37 44 7761
37 45 5094
37 48 797
37 49 4634
37 50 1728
37 52 6754
37 53 2401
37 55 266
37 56 2418
37 58 3797
37 59 1668
37 63 5159
37 65 483
38 40 2137
38 41 5746
38 42 438
38 47 9239
38 48 2542
38 49 4732
38 52 4167
38 55 353
38 56 711
38 57 3496
38 59 8342
38 60 220
38 62 4291
38 63 116
38 65 1999
39 40 2904
39 41 8795
39 42 7485
39 49 5862
39 50 4091
39 51 5435
39 52 770
39 53 5529
39 54 5181
39 56 2954
39 57 7161
39 58 5598
39 59 1331
39 60 9196
39 62 8128
39 63 3087
39 64 2808
40 42 9162
40 44 691
40 48 9435
40 49 2831
40 52 7763
40 53 4802
40 54 6508
40 56 9621
40 57 9480
40 60 9140
40 62 7261
40 65 6346
41 43 6554
41 45 5536
41 50 2966
41 51 8984
41 55 5604
41 56 3766
41 57 3939
41 58 7632
41 59 3374
41 61 7887
41 62 5114
41 63 231
42 45 796
42 47 9640
42 48 663
42 52 7680
42 54 9723
42 55 1740
42 56 9890
42 57 4736
42 58 1524
42 61 7638
42 62 6275
42 63 1253
42 65 1052
43 44 1298
43 47 5312
43 48 4924
43 49 4730
43 51 450
43 52 1413
43 53 7299
43 56 1655
43 58 7302
43 60 9357
44 46 3647
44 47 3101
44 48 3571
44 49 1847
44 51 9755
44 52 8554
44 53 5675
44 54 6455
44 56 9088
44 57 5531
44 61 2889
44 63 8298
45 46 1469
45 50 4976
45 52 8264
45 55 4462
45 56 2163
45 57 2207
45 60 5486
45 63 177
45 64 9316
45 65 8223
46 53 5085
46 54 9481
46 55 5285
46 56 9254
46 59 5711
47 48 5403
47 49 5404
47 51 7845
47 52 8309
47 56 3369
47 57 6714
47 59 5161
47 62 8552
47 63 334
48 51 6477
48 53 2035
48 55 1362
48 56 9276
48 61 9130
48 64 6877
48 65 167
49 51 7273
49 52 496
49 53 2277
49 54 1999
49 57 5735
49 59 6655
49 60 2892
49 63 8117
49 65 184
50 54 824
50 58 1294
50 62 9154
50 63 4558
50 64 1796
51 52 5469
51 54 6260
51 55 9294
51 57 9476
51 59 6492
51 60 1478
51 61 9057
51 63 8817
52 54 4233
52 58 8750
52 62 1753
52 63 1559
52 65 7488
53 54 759
53 55 6391
53 56 3159
53 57 145
53 58 7653
53 61 2890
54 58 4260
54 59 9656
54 62 7899
55 57 1671
55 58 468
55 61 3224
55 62 185
55 63 8911
55 65 4114
56 57 2450
56 60 3580
56 61 3200
56 63 1749
56 64 7927
57 58 202
57 60 4911
57 61 1122
57 63 642
57 65 9486
58 60 3402
58 61 1747
58 62 1904
58 63 7764
58 65 7166
59 63 3880
59 64 3055
59 65 2448
60 61 8330
60 62 4814
60 63 9920
61 62 8161
61 63 533
61 64 7458
61 65 6684
62 63 6607
62 64 1625
63 64 9418
64 65 1020
