55 730
1 4 60
1 5 22
1 9 9850
1 13 9651
1 14 1648
1 15 6688
1 20 6984
1 21 6897
1 22 7514
1 23 9232
1 24 4606
1 25 6840
1 26 84
1 30 4167
1 31 460
1 32 285
1 33 2658
1 37 9978
1 44 5722
1 47 3542
1 50 3538
1 52 1511
2 3 9026
2 6 5800
2 10 4825
2 11 5554
2 12 812
2 14 1820
2 16 5625
2 18 4903
2 25 2960
2 26 2374
2 30 4200
2 34 4307
2 36 8032
2 38 8396
2 39 9018
2 41 8796
2 44 4325
2 45 4818
2 47 9276
2 49 5335
2 50 8499
2 51 9634
2 53 9102
2 55 7625
3 5 7083
3 6 6343
3 8 1373
3 9 6474
3 11 1311
3 12 8558
3 14 2455
3 15 1745
3 16 5257
3 19 6450
3 20 7925
3 21 9507
3 22 1324
3 29 6771
3 30 6582
3 32 7404
3 33 4381
3 34 7915
3 36 324
3 38 8967
3 40 8151
3 42 8728
3 44 5901
3 45 6899
3 47 3305
3 48 9932
3 49 1361
3 50 147
3 51 2827
4 6 4290
4 7 430
4 8 4783
4 13 545
4 14 6948
4 16 5115
4 17 6506
4 18 4060
4 19 7060
4 21 8295
4 22 4400
4 23 9924
4 24 6153
4 25 6432
4 27 4434
4 28 9
4 30 4339
4 34 2984
4 37 4716
4 38 113
4 40 3260
4 41 360
4 43 3262
4 47 3015
4 49 5342
4 50 4549
4 52 9340
4 53 3122
5 6 5517
5 7 6373
5 8 9613
5 9 2071
5 10 358
5 12 802
5 13 1677
5 14 4072
5 16 6747
5 18 1941
5 20 6220
5 21 5081
5 23 2267
5 24 4500
5 25 3294
5 26 6654
5 31 518
5 35 6901
5 36 6767
5 37 5582
5 39 1154
5 41 3448
5 46 7419
5 47 2350
5 48 8719
5 49 7565
5 50 6568
5 55 7849
6 7 4417
6 9 3709
6 10 6996
6 11 7549
6 12 3885
6 16 8179
6 17 4473
6 18 3420
6 21 7774
6 23 6171
6 27 460
6 30 4341
6 32 8677
6 34 4100
6 38 4888
6 39 5165
6 40 3565
6 43 9396
6 45 6840
6 46 823
6 50 1364
6 52 1540
7 9 3034
7 11 2805
7 15 5608
7 16 4698
7 21 8722
7 27 3683
7 30 3206
7 33 1237
7 35 1684
7 37 8205
7 38 4169
7 40 8673
7 41 7423
7 43 5532
7 44 8295
7 45 2397
7 49 3098
7 51 3757
7 52 1940
7 54 4943
7 55 8599
8 10 7967
8 13 7859
8 17 7429
8 18 8398
8 19 5558
8 20 4612
8 21 2453
8 22 7477
8 25 7293
8 27 468
8 28 6913
8 30 8681
8 32 6530
8 35 2998
8 37 3797
8 41 9775
8 43 5270
8 45 8522
8 50 6797
8 51 4661
8 52 7278
8 53 2179
8 54 4519
9 10 5985
9 12 6867
9 13 524
9 14 2621
9 15 6074
9 16 8567
9 17 9217
9 18 3555
9 19 9559
9 22 9495
9 25 7083
9 26 5562
9 27 8871
9 28 3575
9 30 4445
9 31 2286
9 33 5065
9 36 9503
9 38 9864
9 50 3867
9 53 9457
9 54 1228
9 55 245
10 12 8745
10 13 7949
10 15 122
10 17 8910
10 18 3281
10 19 192
10 20 1118
10 24 9062
10 26 5630
10 28 2783
10 29 6479
10 31 2946
10 32 9813
10 34 9709
10 35 4917
10 36 6785
10 37 5304
10 38 2546
10 39 9542
10 40 149
10 41 8576
10 42 9568
10 44 7623
10 45 327
10 47 6236
10 48 2738
10 50 2986
10 52 4036
10 55 1941
11 14 7451
11 16 3460
11 17 5609
11 19 3656
11 27 1282
11 28 4998
11 30 842
11 31 1569
11 33 4387
11 37 7111
11 38 1579
11 40 1537
11 41 3292
11 42 6237
11 43 3198
11 44 6900
11 46 9290
11 49 4030
11 51 7882
11 52 3560
11 54 1188
12 13 2252
12 14 9166
12 20 1330
12 21 6000
12 22 3178
12 23 3540
12 24 5846
12 25 7802
12 26 5870
12 27 4591
12 28 2961
12 35 7321
12 36 8259
12 39 4530
12 40 8912
12 41 9651
12 42 1470
12 43 442
12 44 8609
12 48 8933
12 49 2413
12 52 5385
13 14 9113
13 16 3995
13 17 3854
13 23 3628
13 24 3979
13 29 6709
13 30 7109
13 31 4725
13 34 2263
13 38 5079
13 39 62
13 40 7158
13 43 8198
13 46 7521
13 47 2302
13 49 5060
13 51 5440
13 53 8497
13 55 9559
14 15 1708
14 17 2437
14 20 8684
14 24 6636
14 25 9731
14 26 6105
14 27 596
14 28 6683
14 29 8068
14 30 6332
14 31 1490
14 32 1417
14 34 8164
14 35 7624
14 38 7776
14 43 767
14 44 2836
14 46 4084
14 47 5758
14 49 6448
14 50 5283
14 51 5257
14 52 9789
14 54 4112
14 55 9726
15 16 9094
15 18 7509
15 20 9615
15 21 6799
15 23 6900
15 24 2155
15 28 8680
15 31 2427
15 32 3128
15 35 3486
15 41 3457
15 42 1705
15 43 747
15 45 799
15 47 6872
15 48 1218
15 50 6572
15 51 8931
15 52 7558
15 53 2820
15 54 5136
16 18 6181
16 21 2119
16 23 70
16 25 390
16 32 6620
16 33 6766
16 34 9859
16 35 2436
16 36 3055
16 37 9191
16 42 4902
16 44 2312
16 46 1684
16 47 1837
16 48 3071
16 50 3425
16 52 3508
16 53 3201
17 18 1899
17 20 5617
17 27 652
17 28 3922
17 30 5507
17 35 689
17 38 8265
17 39 8726
17 41 2442
17 42 5471
17 47 640
17 49 8583
17 50 4670
17 53 3973
17 55 2145
18 20 8998
18 21 3892
18 22 3933
18 23 7174
18 24 811
18 26 8745
18 28 8313
18 31 6630
18 33 4967
18 34 7996
18 35 8529
18 36 532
18 40 2992
18 41 9373
18 45 3912
18 47 1331
18 48 5749
18 49 510
18 54 7854
18 55 9733
19 20 314
19 21 7095
19 22 1945
19 23 3715
19 28 6275
19 29 5450
19 35 7712
19 37 1694
19 39 3986
19 43 7596
19 46 1162
19 52 9888
19 55 8423
20 23 8763
20 27 3706
20 29 2535
20 30 419
20 33 7845
20 34 7187
20 37 5175
20 40 7169
20 46 7825
20 47 7338
20 48 5067
20 49 2171
20 51 9997
20 54 4855
21 22 9538
21 23 8048
21 25 5041
21 27 1092
21 28 1546
21 29 380
21 30 6936
21 31 1968
21 33 5239
21 34 780
21 35 5024
21 41 363
21 43 3377
21 44 9449
21 48 2471
21 49 5853
21 52 5681
21 55 2311
22 23 1513
22 26 4381
22 28 2007
22 32 1036
22 33 2435
22 34 9224
22 35 3997
22 36 109
22 37 4707
22 43 9696
22 44 2624
22 46 514
22 47 6283
22 49 5735
22 50 1412
22 51 5072
22 53 8115
22 55 7514
23 25 2740
23 26 9561
23 28 967
23 31 3939
23 33 6561
23 34 4141
23 35 5546
23 36 3041
23 40 9271
23 41 9336
23 43 7475
23 44 5629
23 45 1317
23 47 4679
23 48 5011
23 49 3404
23 50 1213
23 52 1189
23 53 5628
24 28 8411
24 30 7810
24 31 8990
24 32 197
24 39 2122
24 42 5949
24 44 5928
24 45 4737
24 50 7785
24 54 8438
24 55 146
25 26 2371
25 29 9571
25 32 5770
25 34 8936
25 35 9677
25 39 2594
25 43 4434
25 44 4139
25 45 4338
25 46 2415
25 47 387
25 48 6821
25 51 2068
25 54 6583
25 55 6318
26 29 2013
26 31 8432
26 32 5741
26 34 6688
26 35 5189
26 38 4164
26 41 5190
26 46 8111
26 48 594
26 49 5004
26 50 6476
26 51 4613
26 52 1121
26 53 1153
26 54 7813
27 29 2274
27 31 2985
27 32 1979
27 33 6711
27 37 9126
27 38 4311
27 39 8566
27 40 6181
27 41 358
27 42 7217
27 43 522
27 46 2249
27 47 3277
27 49 181
27 50 2087
27 51 7380
27 52 8023
27 53 287
27 54 4015
27 55 8967
28 31 3994
28 32 8602
28 33 1025
28 37 4892
28 39 9706
28 43 2445
28 44 3379
28 45 8722
28 48 7621
28 49 3578
28 52 4710
28 54 7931
28 55 1277
29 33 2481
29 38 8032
29 39 839
29 41 4095
29 45 4113
29 47 4462
29 51 9758
30 35 288
30 36 801
30 37 9250
30 38 5623
30 40 8557
30 42 4284
30 44 6223
30 45 7207
30 46 8207
30 49 226
30 50 5675
30 51 5682
30 52 3613
30 54 4149
31 33 236
31 34 901
31 35 5649
31 36 6630
31 37 275
31 39 9980
31 41 8343
31 43 3908
31 45 7343
31 49 1966
31 50 7426
31 54 280
32 36 9107
32 37 7407
32 38 5455
32 43 2589
32 44 7242
32 45 5188
32 46 4849
32 50 9752
32 54 5314
32 55 4419
33 38 2520
33 39 8945
33 40 9188
33 41 6600
33 42 5005
33 45 837
33 47 4475
33 51 5206
33 54 8257
33 55 9130
34 36 6880
34 37 9014
34 38 4685
34 39 2769
34 40 1287
34 41 2245
34 42 4985
34 46 9251
34 50 6655
34 51 5990
34 52 9173
34 53 8100
35 36 1065
35 40 4290
35 42 7636
35 45 4706
35 47 1976
35 48 8830
35 50 9529
35 51 4411
35 52 4904
35 53 1720
35 55 9925
36 37 8755
36 38 9901
36 39 1709
36 40 9859
36 42 6722
36 43 744
36 44 438
36 46 9632
36 47 6818
36 48 3378
36 52 5278
36 54 3297
36 55 7476
37 38 9118
37 45 4673
37 49 7620
37 53 5408
38 40 6105
38 42 6641
38 44 5449
38 45 140
38 46 9203
38 49 8644
38 55 7759
39 40 3965
39 42 7872
39 45 3221
39 46 9213
39 47 7306
39 51 9941
39 54 3369
40 41 1805
40 43 6418
40 44 8743
40 46 2455
40 48 6502
40 49 9490
40 55 6164
41 44 2629
41 47 9696
41 48 6452
41 49 5303
42 43 201
42 47 6352
42 49 6816
42 50 5025
42 53 963
42 55 4936
43 44 1738
43 47 3998
43 49 9097
43 50 4349
43 51 4817
43 52 220
43 53 739
44 45 5407
44 46 424
44 47 6098
44 48 4829
44 49 6375
44 52 6995
44 53 3632
44 55 2433
45 48 9516
45 49 600
45 54 8654
45 55 8124
46 48 9238
46 49 7333
46 51 2915
46 53 3161
46 54 7090
46 55 7711
47 52 8845
48 49 9053
48 50 1024
48 54 1559
49 50 1169
49 52 7112
49 53 4942
49 55 7037
50 54 5310
50 55 4432
51 53 8728
51 54 3180
52 53 8760
53 54 7166
54 55 1392
